Target,Source
0QHgL1lAIqAw0HtD7YldmP,3TVXtAsR1Inumwj472S9r4
0QHgL1lAIqAw0HtD7YldmP,5f7VJjfbwm532GiveGC0ZK
3TVXtAsR1Inumwj472S9r4,5f7VJjfbwm532GiveGC0ZK
6jeg7JBX9J9097esK752iR,3TVXtAsR1Inumwj472S9r4
0hCNtLu0JehylgoiP8L4Gh,3TVXtAsR1Inumwj472S9r4
0hCNtLu0JehylgoiP8L4Gh,55Aa2cqylxrFIXC767Z865
3TVXtAsR1Inumwj472S9r4,55Aa2cqylxrFIXC767Z865
55Aa2cqylxrFIXC767Z865,3TVXtAsR1Inumwj472S9r4
3KNIG74xSTc3dj0TRy7pGX,3TVXtAsR1Inumwj472S9r4
3TVXtAsR1Inumwj472S9r4,3hcs9uc56yIGFCSy9leWe7
62DmErcU7dqZbJaDqwsqzR,3TVXtAsR1Inumwj472S9r4
62DmErcU7dqZbJaDqwsqzR,2HPaUgqeutzr3jx5a9WyDV
3TVXtAsR1Inumwj472S9r4,2HPaUgqeutzr3jx5a9WyDV
6UCQYrcJ6wab6gnQ89OJFh,3TVXtAsR1Inumwj472S9r4
0QHgL1lAIqAw0HtD7YldmP,3TVXtAsR1Inumwj472S9r4
0QHgL1lAIqAw0HtD7YldmP,3TVXtAsR1Inumwj472S9r4
2HPaUgqeutzr3jx5a9WyDV,3TVXtAsR1Inumwj472S9r4
2HPaUgqeutzr3jx5a9WyDV,4q3ewBCX7sLwd24euuV69X
3TVXtAsR1Inumwj472S9r4,4q3ewBCX7sLwd24euuV69X
1RyvyyTE3xzB2ZywiAwp0i,3TVXtAsR1Inumwj472S9r4
2HPaUgqeutzr3jx5a9WyDV,3TVXtAsR1Inumwj472S9r4
2UMj7NCbuqy1yUZmiSYGjJ,3TVXtAsR1Inumwj472S9r4
4TEJudQY2pXxVHPE3gD2EU,3TVXtAsR1Inumwj472S9r4
0hCNtLu0JehylgoiP8L4Gh,3TVXtAsR1Inumwj472S9r4
0hCNtLu0JehylgoiP8L4Gh,55Aa2cqylxrFIXC767Z865
3TVXtAsR1Inumwj472S9r4,55Aa2cqylxrFIXC767Z865
0QHgL1lAIqAw0HtD7YldmP,3TVXtAsR1Inumwj472S9r4
1Xyo4u8uXC1ZmMpatF05PJ,3TVXtAsR1Inumwj472S9r4
1RyvyyTE3xzB2ZywiAwp0i,687cZJR45JO7jhk1LHIbgq
1RyvyyTE3xzB2ZywiAwp0i,687cZJR45JO7jhk1LHIbgq
6oMuImdp5ZcFhWP0ESe6mG,6i392l38cR3uBPF0DbNs7S
6oMuImdp5ZcFhWP0ESe6mG,3EW0kQ1skZiK1NHg3Spt9J
6i392l38cR3uBPF0DbNs7S,3EW0kQ1skZiK1NHg3Spt9J
6oMuImdp5ZcFhWP0ESe6mG,6i392l38cR3uBPF0DbNs7S
6oMuImdp5ZcFhWP0ESe6mG,0VRj0yCOv2FXJNP47XQnx5
6i392l38cR3uBPF0DbNs7S,0VRj0yCOv2FXJNP47XQnx5
6oMuImdp5ZcFhWP0ESe6mG,6i392l38cR3uBPF0DbNs7S
6oMuImdp5ZcFhWP0ESe6mG,4DdkRBBYG6Yk9Ka8tdJ9BW
6i392l38cR3uBPF0DbNs7S,4DdkRBBYG6Yk9Ka8tdJ9BW
1xr2G8Hlx4QWmT9HaUbmoO,50co4Is1HCEo8bhOyUWKpn
1xr2G8Hlx4QWmT9HaUbmoO,2hlmm7s2ICUX0LVIhVFlZQ
50co4Is1HCEo8bhOyUWKpn,2hlmm7s2ICUX0LVIhVFlZQ
1xr2G8Hlx4QWmT9HaUbmoO,50co4Is1HCEo8bhOyUWKpn
1xr2G8Hlx4QWmT9HaUbmoO,2hlmm7s2ICUX0LVIhVFlZQ
50co4Is1HCEo8bhOyUWKpn,2hlmm7s2ICUX0LVIhVFlZQ
1URnnhqYAYcrqrcwql10ft,0iEtIxbK0KxaSlF7G42ZOp
1URnnhqYAYcrqrcwql10ft,0iEtIxbK0KxaSlF7G42ZOp
6icQOAFXDZKsumw3YXyusw,4r63FhuTkUYltbVAg5TQnk
1RyvyyTE3xzB2ZywiAwp0i,4r63FhuTkUYltbVAg5TQnk
0iEtIxbK0KxaSlF7G42ZOp,1URnnhqYAYcrqrcwql10ft
0701LAQrkY5Il5vt06uNnC,0NWbwDZY1VkRqFafuQm6wk
5f7VJjfbwm532GiveGC0ZK,2hlmm7s2ICUX0LVIhVFlZQ
5wPoxI5si3eJsYYwyXV4Wi,5pKCCKE2ajJHZ9KAiaK11H
1RyvyyTE3xzB2ZywiAwp0i,13y7CgLHjMVRMDqxdx0Xdo
5lHRUCqkQZCIWeX7xG4sYT,35sCXuy5gN6Or69rZ9vqBs
5lHRUCqkQZCIWeX7xG4sYT,50co4Is1HCEo8bhOyUWKpn
35sCXuy5gN6Or69rZ9vqBs,50co4Is1HCEo8bhOyUWKpn
0GM7qgcRCORpGnfcN2tCiB,4q3ewBCX7sLwd24euuV69X
0GM7qgcRCORpGnfcN2tCiB,2QWIScpFDNxmS6ZEMIUvgm
4q3ewBCX7sLwd24euuV69X,2QWIScpFDNxmS6ZEMIUvgm
1qto4hHid1P71emI6Fd8xi,4q3ewBCX7sLwd24euuV69X
0Q8NcsJwoCbZOHHW63su5S,4q3ewBCX7sLwd24euuV69X
0Q8NcsJwoCbZOHHW63su5S,77ziqFxp5gaInVrF2lj4ht
4q3ewBCX7sLwd24euuV69X,77ziqFxp5gaInVrF2lj4ht
5hdhHgpxyniooUiQVaPxQ0,1vyhD5VmyZ7KMfW5gqLgo5
5hdhHgpxyniooUiQVaPxQ0,4q3ewBCX7sLwd24euuV69X
1vyhD5VmyZ7KMfW5gqLgo5,4q3ewBCX7sLwd24euuV69X
4q3ewBCX7sLwd24euuV69X,4axKuDPr6WKcDCyh8vueTY
4q3ewBCX7sLwd24euuV69X,6nVcHLIgY5pE2YCl8ubca1
4q3ewBCX7sLwd24euuV69X,0f6U482Lbo91QNqNFH4Tat
4q3ewBCX7sLwd24euuV69X,6p2442ymrT9lZEuCZJdYcH
0f6U482Lbo91QNqNFH4Tat,6p2442ymrT9lZEuCZJdYcH
1vyhD5VmyZ7KMfW5gqLgo5,6M2wZ9GZgrQXHCFfjv46we
1vyhD5VmyZ7KMfW5gqLgo5,4q3ewBCX7sLwd24euuV69X
6M2wZ9GZgrQXHCFfjv46we,4q3ewBCX7sLwd24euuV69X
6nVcHLIgY5pE2YCl8ubca1,4q3ewBCX7sLwd24euuV69X
4q3ewBCX7sLwd24euuV69X,77ziqFxp5gaInVrF2lj4ht
7slfeZO9LsJbWgpkIoXBUJ,5GcWBUX00IPuWVGMIRK1sS
7slfeZO9LsJbWgpkIoXBUJ,4q3ewBCX7sLwd24euuV69X
5GcWBUX00IPuWVGMIRK1sS,4q3ewBCX7sLwd24euuV69X
0elWFr7TW8piilVRYJUe4P,4q3ewBCX7sLwd24euuV69X
4q3ewBCX7sLwd24euuV69X,65jIUih0ZeTUJhSTRuYxpi
4q3ewBCX7sLwd24euuV69X,2e5kXDvESsDPMyuQZ0qouH
65jIUih0ZeTUJhSTRuYxpi,2e5kXDvESsDPMyuQZ0qouH
5XJDexmWFLWOkjOEjOVX3e,4q3ewBCX7sLwd24euuV69X
5GcWBUX00IPuWVGMIRK1sS,4q3ewBCX7sLwd24euuV69X
4q3ewBCX7sLwd24euuV69X,7iK8PXO48WeuP03g8YR51W
4q3ewBCX7sLwd24euuV69X,0GM7qgcRCORpGnfcN2tCiB
0EFisYRi20PTADoJrifHrz,1vyhD5VmyZ7KMfW5gqLgo5
0EFisYRi20PTADoJrifHrz,4q3ewBCX7sLwd24euuV69X
1vyhD5VmyZ7KMfW5gqLgo5,4q3ewBCX7sLwd24euuV69X
47MpMsUfWtgyIIBEFOr4FE,4VMYDCV2IEDYJArk749S6m
47MpMsUfWtgyIIBEFOr4FE,4q3ewBCX7sLwd24euuV69X
4VMYDCV2IEDYJArk749S6m,4q3ewBCX7sLwd24euuV69X
2DlGxzQSjYe5N6G9nkYghR,4q3ewBCX7sLwd24euuV69X
4wLXwxDeWQ8mtUIRPxGiD6,41qil2VaGbD194gaEcmmyx
4wLXwxDeWQ8mtUIRPxGiD6,4q3ewBCX7sLwd24euuV69X
41qil2VaGbD194gaEcmmyx,4q3ewBCX7sLwd24euuV69X
03Enzet8KLMkjdeQnbqbmn,4VMYDCV2IEDYJArk749S6m
03Enzet8KLMkjdeQnbqbmn,4q3ewBCX7sLwd24euuV69X
4VMYDCV2IEDYJArk749S6m,4q3ewBCX7sLwd24euuV69X
4q3ewBCX7sLwd24euuV69X,2TjgzYcbTdsZjbT9OItIeB
4q3ewBCX7sLwd24euuV69X,2OHKEe204spO7G7NcbeO2o
4q3ewBCX7sLwd24euuV69X,0AdjzZxHJ4MfbImx2rD0Df
2OHKEe204spO7G7NcbeO2o,0AdjzZxHJ4MfbImx2rD0Df
1SupJlEpv7RS2tPNRaHViT,4q3ewBCX7sLwd24euuV69X
1SupJlEpv7RS2tPNRaHViT,4SsVbpTthjScTS7U2hmr1X
4q3ewBCX7sLwd24euuV69X,4SsVbpTthjScTS7U2hmr1X
4SsVbpTthjScTS7U2hmr1X,4q3ewBCX7sLwd24euuV69X
4kYSro6naA4h99UJvo89HB,4q3ewBCX7sLwd24euuV69X
4kYSro6naA4h99UJvo89HB,1vyhD5VmyZ7KMfW5gqLgo5
4q3ewBCX7sLwd24euuV69X,1vyhD5VmyZ7KMfW5gqLgo5
1ZTqusXWkfiTeOciFTpphG,6w9ToX5slZ4uIdmD17hJ3c
1ZTqusXWkfiTeOciFTpphG,4q3ewBCX7sLwd24euuV69X
6w9ToX5slZ4uIdmD17hJ3c,4q3ewBCX7sLwd24euuV69X
5hdhHgpxyniooUiQVaPxQ0,1fux65HMCBvfJHqlBc4Nno
5hdhHgpxyniooUiQVaPxQ0,4q3ewBCX7sLwd24euuV69X
1fux65HMCBvfJHqlBc4Nno,4q3ewBCX7sLwd24euuV69X
0eHQ9o50hj6ZDNBt6Ys1sD,4q3ewBCX7sLwd24euuV69X
0eHQ9o50hj6ZDNBt6Ys1sD,3RtNN1VnooWEn3KQk03DUL
4q3ewBCX7sLwd24euuV69X,3RtNN1VnooWEn3KQk03DUL
2wYOpkTJZGByNEOjEnSmoW,1vyhD5VmyZ7KMfW5gqLgo5
2wYOpkTJZGByNEOjEnSmoW,4q3ewBCX7sLwd24euuV69X
1vyhD5VmyZ7KMfW5gqLgo5,4q3ewBCX7sLwd24euuV69X
4m6ubhNsdwF4psNf3R8kwR,4q3ewBCX7sLwd24euuV69X
4m6ubhNsdwF4psNf3R8kwR,1bAftSH8umNcGZ0uyV7LMg
4q3ewBCX7sLwd24euuV69X,1bAftSH8umNcGZ0uyV7LMg
0OROVBEZCocg0FcgJpyBse,4q3ewBCX7sLwd24euuV69X
5gUZ67Vzi1FV2SnrWl1GlE,4VMYDCV2IEDYJArk749S6m
5gUZ67Vzi1FV2SnrWl1GlE,4q3ewBCX7sLwd24euuV69X
4VMYDCV2IEDYJArk749S6m,4q3ewBCX7sLwd24euuV69X
1GDbiv3spRmZ1XdM1jQbT7,4q3ewBCX7sLwd24euuV69X
0pxWSJ3TbIRuGPJnmxCfBe,7viqvBP4uYljgKcqYfLkvu
0pxWSJ3TbIRuGPJnmxCfBe,4q3ewBCX7sLwd24euuV69X
7viqvBP4uYljgKcqYfLkvu,4q3ewBCX7sLwd24euuV69X
0pxWSJ3TbIRuGPJnmxCfBe,7viqvBP4uYljgKcqYfLkvu
0pxWSJ3TbIRuGPJnmxCfBe,4q3ewBCX7sLwd24euuV69X
7viqvBP4uYljgKcqYfLkvu,4q3ewBCX7sLwd24euuV69X
329e4yvIujISKGKz1BZZbO,0hCNtLu0JehylgoiP8L4Gh
329e4yvIujISKGKz1BZZbO,4q3ewBCX7sLwd24euuV69X
0hCNtLu0JehylgoiP8L4Gh,4q3ewBCX7sLwd24euuV69X
0pxWSJ3TbIRuGPJnmxCfBe,7viqvBP4uYljgKcqYfLkvu
0pxWSJ3TbIRuGPJnmxCfBe,4q3ewBCX7sLwd24euuV69X
7viqvBP4uYljgKcqYfLkvu,4q3ewBCX7sLwd24euuV69X
329e4yvIujISKGKz1BZZbO,0hCNtLu0JehylgoiP8L4Gh
329e4yvIujISKGKz1BZZbO,4q3ewBCX7sLwd24euuV69X
0hCNtLu0JehylgoiP8L4Gh,4q3ewBCX7sLwd24euuV69X
790FomKkXshlbRYZFtlgla,4q3ewBCX7sLwd24euuV69X
790FomKkXshlbRYZFtlgla,0VRj0yCOv2FXJNP47XQnx5
4q3ewBCX7sLwd24euuV69X,0VRj0yCOv2FXJNP47XQnx5
4VMYDCV2IEDYJArk749S6m,4q3ewBCX7sLwd24euuV69X
4obzFoKoKRHIphyHzJ35G3,4q3ewBCX7sLwd24euuV69X
6kq4GHwUcUojGIu0ziSNXf,4q3ewBCX7sLwd24euuV69X
6kq4GHwUcUojGIu0ziSNXf,68w2t0wbrGnxSIUHzWs5bt
4q3ewBCX7sLwd24euuV69X,68w2t0wbrGnxSIUHzWs5bt
738wLrAtLtCtFOLvQBXOXp,4nDoRrQiYLoBzwC5BhVJzF
738wLrAtLtCtFOLvQBXOXp,4q3ewBCX7sLwd24euuV69X
4nDoRrQiYLoBzwC5BhVJzF,4q3ewBCX7sLwd24euuV69X
2ayNSoKPCRAfjp6hQ76hRu,0eHQ9o50hj6ZDNBt6Ys1sD
2ayNSoKPCRAfjp6hQ76hRu,4q3ewBCX7sLwd24euuV69X
0eHQ9o50hj6ZDNBt6Ys1sD,4q3ewBCX7sLwd24euuV69X
4obzFoKoKRHIphyHzJ35G3,4q3ewBCX7sLwd24euuV69X
00XhexlJEXQstHimpZN910,4q3ewBCX7sLwd24euuV69X
0iwRZ9bQya1TDUAk5qN5YX,0tR60pwxQ5WKjPxQcKoCQ7
0iwRZ9bQya1TDUAk5qN5YX,4q3ewBCX7sLwd24euuV69X
0tR60pwxQ5WKjPxQcKoCQ7,4q3ewBCX7sLwd24euuV69X
1SupJlEpv7RS2tPNRaHViT,1i8SpTcr7yvPOmcqrbnVXY
1SupJlEpv7RS2tPNRaHViT,4q3ewBCX7sLwd24euuV69X
1i8SpTcr7yvPOmcqrbnVXY,4q3ewBCX7sLwd24euuV69X
6w9ToX5slZ4uIdmD17hJ3c,4q3ewBCX7sLwd24euuV69X
790FomKkXshlbRYZFtlgla,4q3ewBCX7sLwd24euuV69X
4q3ewBCX7sLwd24euuV69X,329e4yvIujISKGKz1BZZbO
4q3ewBCX7sLwd24euuV69X,2T1aUibqR2QC2sINIDQOAK
4q3ewBCX7sLwd24euuV69X,64aJYyrXljOodnUG6jvhRD
2T1aUibqR2QC2sINIDQOAK,64aJYyrXljOodnUG6jvhRD
2dYSrA999b3VYp5V4J12T7,1jSjfSgDjedJdi5MoyRu78
2dYSrA999b3VYp5V4J12T7,4q3ewBCX7sLwd24euuV69X
1jSjfSgDjedJdi5MoyRu78,4q3ewBCX7sLwd24euuV69X
1RBzGO6Nm3uyhUSxP7EDWO,4q3ewBCX7sLwd24euuV69X
5lFhCi03HDneWzvCxGctrT,4q3ewBCX7sLwd24euuV69X
3RtNN1VnooWEn3KQk03DUL,4q3ewBCX7sLwd24euuV69X
3RtNN1VnooWEn3KQk03DUL,6P6GTRTigHBp8ZesNtpCKH
4q3ewBCX7sLwd24euuV69X,6P6GTRTigHBp8ZesNtpCKH
14zUHaJZo1mnYtn6IBRaRP,4q3ewBCX7sLwd24euuV69X
14zUHaJZo1mnYtn6IBRaRP,6P6GTRTigHBp8ZesNtpCKH
4q3ewBCX7sLwd24euuV69X,6P6GTRTigHBp8ZesNtpCKH
2wYOpkTJZGByNEOjEnSmoW,4q3ewBCX7sLwd24euuV69X
2wYOpkTJZGByNEOjEnSmoW,6w9ToX5slZ4uIdmD17hJ3c
4q3ewBCX7sLwd24euuV69X,6w9ToX5slZ4uIdmD17hJ3c
4SsVbpTthjScTS7U2hmr1X,4q3ewBCX7sLwd24euuV69X
4q3ewBCX7sLwd24euuV69X,1i8SpTcr7yvPOmcqrbnVXY
4q3ewBCX7sLwd24euuV69X,329e4yvIujISKGKz1BZZbO
1i8SpTcr7yvPOmcqrbnVXY,329e4yvIujISKGKz1BZZbO
6tOv5UYDorjmsernjtaHO1,4q3ewBCX7sLwd24euuV69X
6tOv5UYDorjmsernjtaHO1,1TtXnWcUs0FCkaZDPGYHdf
4q3ewBCX7sLwd24euuV69X,1TtXnWcUs0FCkaZDPGYHdf
5hdhHgpxyniooUiQVaPxQ0,1fux65HMCBvfJHqlBc4Nno
5gUZ67Vzi1FV2SnrWl1GlE,6JsnpQVb6kWZ8FArvHbeEM
5gUZ67Vzi1FV2SnrWl1GlE,2qbEtwBVyobgpNP5KcHE9J
6JsnpQVb6kWZ8FArvHbeEM,2qbEtwBVyobgpNP5KcHE9J
1fux65HMCBvfJHqlBc4Nno,5hdhHgpxyniooUiQVaPxQ0
1fux65HMCBvfJHqlBc4Nno,1TtXnWcUs0FCkaZDPGYHdf
5hdhHgpxyniooUiQVaPxQ0,1TtXnWcUs0FCkaZDPGYHdf
2pQAUIesBqfT87PaM1ijtk,3RtNN1VnooWEn3KQk03DUL
1i8SpTcr7yvPOmcqrbnVXY,2T1aUibqR2QC2sINIDQOAK
1i8SpTcr7yvPOmcqrbnVXY,64aJYyrXljOodnUG6jvhRD
2T1aUibqR2QC2sINIDQOAK,64aJYyrXljOodnUG6jvhRD
738wLrAtLtCtFOLvQBXOXp,0Y5tJX1MQlPlqiwlOH1tJY
738wLrAtLtCtFOLvQBXOXp,4nDoRrQiYLoBzwC5BhVJzF
0Y5tJX1MQlPlqiwlOH1tJY,4nDoRrQiYLoBzwC5BhVJzF
4PFgfReja3r59JaekHpeuf,1vyhD5VmyZ7KMfW5gqLgo5
2R21vXR83lH98kGeO99Y66,17vZy9fIIt6woqdWfc7UCy
2R21vXR83lH98kGeO99Y66,12vb80Km0Ew53ABfJOepVz
17vZy9fIIt6woqdWfc7UCy,12vb80Km0Ew53ABfJOepVz
7akJAsqIpakhpXpWEUSEGX,329e4yvIujISKGKz1BZZbO
7akJAsqIpakhpXpWEUSEGX,1jSjfSgDjedJdi5MoyRu78
329e4yvIujISKGKz1BZZbO,1jSjfSgDjedJdi5MoyRu78
4Nrd0CtP8txoQhnnlRA6V6,6eUKZXaKkcviH0Ku9w2n3V
5VadK1havLhK1OpKYsXv9y,6eUKZXaKkcviH0Ku9w2n3V
4ITNzglfuGtfHgDu29GIMW,6eUKZXaKkcviH0Ku9w2n3V
4ITNzglfuGtfHgDu29GIMW,0mbgkaYR8KNUb5s3s1yYHG
6eUKZXaKkcviH0Ku9w2n3V,0mbgkaYR8KNUb5s3s1yYHG
3vQ0GE3mI0dAaxIMYe5g7z,6eUKZXaKkcviH0Ku9w2n3V
1z7b1Pr1rSlvWRzsW3HOrS,6eUKZXaKkcviH0Ku9w2n3V
6eUKZXaKkcviH0Ku9w2n3V,2VjvDoPMZvWItuivXdoe5Y
6eUKZXaKkcviH0Ku9w2n3V,4IKVDbCSBTxBeAsMKjAuTs
6eUKZXaKkcviH0Ku9w2n3V,52iwsT98xCoGgiGntTiR7K
6eUKZXaKkcviH0Ku9w2n3V,7bZpYWk0ZZN7CkOeXbAY0Z
6eUKZXaKkcviH0Ku9w2n3V,1ul8iLt2WnFe2UIyovjg7q
6eUKZXaKkcviH0Ku9w2n3V,68PYmgkbRP1qZnEWOry7sB
6eUKZXaKkcviH0Ku9w2n3V,6HCBnyTBSLdb3TFn2ayulY
6eUKZXaKkcviH0Ku9w2n3V,11HK31aj8j8QJ3ZnSlqox4
6eUKZXaKkcviH0Ku9w2n3V,4hOb2WdQMQWyG6RQAhR7iE
6eUKZXaKkcviH0Ku9w2n3V,5uvOG0MwnD2ANrxNBUPtNr
6eUKZXaKkcviH0Ku9w2n3V,3hN3iJMbbBmqBSAMx5veDa
6eUKZXaKkcviH0Ku9w2n3V,3c9CUpHeB5BCQOHp8uiPzY
6eUKZXaKkcviH0Ku9w2n3V,5sc9td6C7xxPa3mOmmvXPu
1vyhD5VmyZ7KMfW5gqLgo5,6eUKZXaKkcviH0Ku9w2n3V
4nDoRrQiYLoBzwC5BhVJzF,6eUKZXaKkcviH0Ku9w2n3V
75VKfyoBlkmrJFDqo1o2VY,6eUKZXaKkcviH0Ku9w2n3V
75VKfyoBlkmrJFDqo1o2VY,6cEuCEZu7PAE9ZSzLLc2oQ
6eUKZXaKkcviH0Ku9w2n3V,6cEuCEZu7PAE9ZSzLLc2oQ
75VKfyoBlkmrJFDqo1o2VY,6eUKZXaKkcviH0Ku9w2n3V
75VKfyoBlkmrJFDqo1o2VY,6cEuCEZu7PAE9ZSzLLc2oQ
6eUKZXaKkcviH0Ku9w2n3V,6cEuCEZu7PAE9ZSzLLc2oQ
4nDoRrQiYLoBzwC5BhVJzF,6eUKZXaKkcviH0Ku9w2n3V
6eUKZXaKkcviH0Ku9w2n3V,06HL4z0CvFAxyc27GXpf02
6eUKZXaKkcviH0Ku9w2n3V,1Ffb6ejR6Fe5IamqA5oRUF
75VKfyoBlkmrJFDqo1o2VY,6eUKZXaKkcviH0Ku9w2n3V
0gWa2AiDlbvF24aqoLT2c1,6eUKZXaKkcviH0Ku9w2n3V
0gWa2AiDlbvF24aqoLT2c1,3PhoLpVuITZKcymswpck5b
6eUKZXaKkcviH0Ku9w2n3V,3PhoLpVuITZKcymswpck5b
6eUKZXaKkcviH0Ku9w2n3V,3PhoLpVuITZKcymswpck5b
6eUKZXaKkcviH0Ku9w2n3V,3EsjO0y0DE1GC453Sgyr7Z
6eUKZXaKkcviH0Ku9w2n3V,55jryyk7RhvMbrvoF0ndBh
3EsjO0y0DE1GC453Sgyr7Z,55jryyk7RhvMbrvoF0ndBh
6eUKZXaKkcviH0Ku9w2n3V,61ipISvUVa5LkJlKZnm3Oo
6eUKZXaKkcviH0Ku9w2n3V,1mFGfrveXbpolppPgO29Io
6eUKZXaKkcviH0Ku9w2n3V,64k5e9kV9MdukXjFrR5R37
6eUKZXaKkcviH0Ku9w2n3V,6MoXcK2GyGg7FIyxPU5yW6
64k5e9kV9MdukXjFrR5R37,6MoXcK2GyGg7FIyxPU5yW6
6eUKZXaKkcviH0Ku9w2n3V,5R3Hr2cnCCjt220Jmt2xLf
6eUKZXaKkcviH0Ku9w2n3V,0xAI0encQKIoTvNQXPh1ts
6eUKZXaKkcviH0Ku9w2n3V,4Q6nIcaBED8qUel8bBx6Cr
6eUKZXaKkcviH0Ku9w2n3V,0NGAZxHanS9e0iNHpR8f2W
6eUKZXaKkcviH0Ku9w2n3V,4AKwRarlmsUlLjIwt38NLw
6eUKZXaKkcviH0Ku9w2n3V,6YCM9JwkqdEFQSzztmh4Kb
6eUKZXaKkcviH0Ku9w2n3V,7b79bQFziJFedJb75k6hFt
6eUKZXaKkcviH0Ku9w2n3V,5H4yInM5zmHqpKIoMNAx4r
7b79bQFziJFedJb75k6hFt,5H4yInM5zmHqpKIoMNAx4r
6eUKZXaKkcviH0Ku9w2n3V,6DgP9otnZw5z6daOntINxp
6eUKZXaKkcviH0Ku9w2n3V,0xRXCcSX89eobfrshSVdyu
6eUKZXaKkcviH0Ku9w2n3V,4kYSro6naA4h99UJvo89HB
6eUKZXaKkcviH0Ku9w2n3V,2tAbkZSNg8OdcUVzSOrYRW
4kYSro6naA4h99UJvo89HB,2tAbkZSNg8OdcUVzSOrYRW
6eUKZXaKkcviH0Ku9w2n3V,0Y5tJX1MQlPlqiwlOH1tJY
6eUKZXaKkcviH0Ku9w2n3V,1yqxFtPHKcGcv6SXZNdyT9
0Y5tJX1MQlPlqiwlOH1tJY,1yqxFtPHKcGcv6SXZNdyT9
6eUKZXaKkcviH0Ku9w2n3V,0Y5tJX1MQlPlqiwlOH1tJY
6eUKZXaKkcviH0Ku9w2n3V,6k970rXaWAWVfWMjqWtFNI
0Y5tJX1MQlPlqiwlOH1tJY,6k970rXaWAWVfWMjqWtFNI
6eUKZXaKkcviH0Ku9w2n3V,0Y5tJX1MQlPlqiwlOH1tJY
6eUKZXaKkcviH0Ku9w2n3V,3egWSWp7Y4FyCKIyvXbw7L
0Y5tJX1MQlPlqiwlOH1tJY,3egWSWp7Y4FyCKIyvXbw7L
6eUKZXaKkcviH0Ku9w2n3V,4kYSro6naA4h99UJvo89HB
6eUKZXaKkcviH0Ku9w2n3V,20gsENnposVs2I4rQ5kvrf
4kYSro6naA4h99UJvo89HB,20gsENnposVs2I4rQ5kvrf
6eUKZXaKkcviH0Ku9w2n3V,4kYSro6naA4h99UJvo89HB
6eUKZXaKkcviH0Ku9w2n3V,1sLYZv95ZXwVfyGHan5w45
6eUKZXaKkcviH0Ku9w2n3V,2PJEagPIxaBugeMjIyKVXF
1sLYZv95ZXwVfyGHan5w45,2PJEagPIxaBugeMjIyKVXF
6eUKZXaKkcviH0Ku9w2n3V,7dGJo4pcD2V6oG8kP0tJRR
6eUKZXaKkcviH0Ku9w2n3V,3q7HBObVc0L8jNeTe5Gofh
7dGJo4pcD2V6oG8kP0tJRR,3q7HBObVc0L8jNeTe5Gofh
6eUKZXaKkcviH0Ku9w2n3V,20sxb77xiYeusSH8cVdatc
6eUKZXaKkcviH0Ku9w2n3V,31W5EY0aAly4Qieq6OFu6I
20sxb77xiYeusSH8cVdatc,31W5EY0aAly4Qieq6OFu6I
6eUKZXaKkcviH0Ku9w2n3V,0Y5tJX1MQlPlqiwlOH1tJY
6eUKZXaKkcviH0Ku9w2n3V,6LuN9FCkKOj5PcnpouEgny
6eUKZXaKkcviH0Ku9w2n3V,1PNvaesh1mkKZucGhBuqgD
6LuN9FCkKOj5PcnpouEgny,1PNvaesh1mkKZucGhBuqgD
6eUKZXaKkcviH0Ku9w2n3V,6LuN9FCkKOj5PcnpouEgny
6eUKZXaKkcviH0Ku9w2n3V,5v8ZROs9c26k4yGMxUkebt
6LuN9FCkKOj5PcnpouEgny,5v8ZROs9c26k4yGMxUkebt
6eUKZXaKkcviH0Ku9w2n3V,6LuN9FCkKOj5PcnpouEgny
6eUKZXaKkcviH0Ku9w2n3V,5jAMCwdNHWr7JThxtMuEyy
6LuN9FCkKOj5PcnpouEgny,5jAMCwdNHWr7JThxtMuEyy
6eUKZXaKkcviH0Ku9w2n3V,50co4Is1HCEo8bhOyUWKpn
6eUKZXaKkcviH0Ku9w2n3V,3Y7RZ31TRPVadSFVy1o8os
6eUKZXaKkcviH0Ku9w2n3V,3vQ0GE3mI0dAaxIMYe5g7z
6eUKZXaKkcviH0Ku9w2n3V,6Ip8FS7vWT1uKkJSweANQK
3vQ0GE3mI0dAaxIMYe5g7z,6Ip8FS7vWT1uKkJSweANQK
6eUKZXaKkcviH0Ku9w2n3V,7HkdQ0gt53LP4zmHsL0nap
6eUKZXaKkcviH0Ku9w2n3V,4nDoRrQiYLoBzwC5BhVJzF
6eUKZXaKkcviH0Ku9w2n3V,4kYSro6naA4h99UJvo89HB
4nDoRrQiYLoBzwC5BhVJzF,4kYSro6naA4h99UJvo89HB
6eUKZXaKkcviH0Ku9w2n3V,5he5w2lnU9x7JFhnwcekXX
6eUKZXaKkcviH0Ku9w2n3V,4YLtscXsxbVgi031ovDDdh
6eUKZXaKkcviH0Ku9w2n3V,0du5cEVh5yTK9QJze8zA0C
4YLtscXsxbVgi031ovDDdh,0du5cEVh5yTK9QJze8zA0C
6eUKZXaKkcviH0Ku9w2n3V,1ooV8YZC1KbpEcrmI8WH0F
6eUKZXaKkcviH0Ku9w2n3V,6LuN9FCkKOj5PcnpouEgny
6eUKZXaKkcviH0Ku9w2n3V,1uNFoZAHBGtllmzznpCI3s
6eUKZXaKkcviH0Ku9w2n3V,1gWjcmBsveEYMxOZ0VRi32
1uNFoZAHBGtllmzznpCI3s,1gWjcmBsveEYMxOZ0VRi32
6eUKZXaKkcviH0Ku9w2n3V,1anyVhU62p31KFi8MEzkbf
6eUKZXaKkcviH0Ku9w2n3V,21WS9wngs9AqFckK7yYJPM
1anyVhU62p31KFi8MEzkbf,21WS9wngs9AqFckK7yYJPM
6eUKZXaKkcviH0Ku9w2n3V,1uNFoZAHBGtllmzznpCI3s
6eUKZXaKkcviH0Ku9w2n3V,1uNFoZAHBGtllmzznpCI3s
6eUKZXaKkcviH0Ku9w2n3V,1anyVhU62p31KFi8MEzkbf
6eUKZXaKkcviH0Ku9w2n3V,21WS9wngs9AqFckK7yYJPM
1anyVhU62p31KFi8MEzkbf,21WS9wngs9AqFckK7yYJPM
6eUKZXaKkcviH0Ku9w2n3V,1uNFoZAHBGtllmzznpCI3s
6eUKZXaKkcviH0Ku9w2n3V,3EA9hVIzKfFiQI0Kikz2wo
6eUKZXaKkcviH0Ku9w2n3V,6vWDO969PvNqNYHIOW5v0m
6eUKZXaKkcviH0Ku9w2n3V,3t5xRXzsuZmMDkQzgOX35S
6eUKZXaKkcviH0Ku9w2n3V,0jW6R8CVyVohuUJVcuweDI
6eUKZXaKkcviH0Ku9w2n3V,5jAMCwdNHWr7JThxtMuEyy
6eUKZXaKkcviH0Ku9w2n3V,4sTQVOfp9vEMCemLw50sbu
6eUKZXaKkcviH0Ku9w2n3V,4WN5naL3ofxrVBgFpguzKo
6eUKZXaKkcviH0Ku9w2n3V,4WN5naL3ofxrVBgFpguzKo
6eUKZXaKkcviH0Ku9w2n3V,4WN5naL3ofxrVBgFpguzKo
1kwi1Q7X4jPTkHTgayxKhS,0hfAzw4HfebJxXuLgICOnV
0hfAzw4HfebJxXuLgICOnV,1kwi1Q7X4jPTkHTgayxKhS
1kwi1Q7X4jPTkHTgayxKhS,2oDWphB2lCSivAHdCvGsLq
1kwi1Q7X4jPTkHTgayxKhS,1LtnBJnmEj8gmEQothcCVp
1kwi1Q7X4jPTkHTgayxKhS,1LtnBJnmEj8gmEQothcCVp
1kwi1Q7X4jPTkHTgayxKhS,4HfzjhjlWNVd8mJwU6AHjM
1kwi1Q7X4jPTkHTgayxKhS,4HfzjhjlWNVd8mJwU6AHjM
1kwi1Q7X4jPTkHTgayxKhS,6VuyrmclG2XOdkqz0AeGcs
1kwi1Q7X4jPTkHTgayxKhS,30hteLyFTmiRraerHJBoba
6kClxEibflIbA231B95OYX,3JTh0dYmLwklcBtcByIuuV
2SrSdSvpminqmStGELCSNd,6DgP9otnZw5z6daOntINxp
0MvSBMGRQJY3mRwIbJsqF1,7mC0zQ4J4cJPNGYFlmiQVC
5BcAKTbp20cv7tC5VqPFoC,3JhNCzhSMTxs9WLGJJxWOY
5BcAKTbp20cv7tC5VqPFoC,4myTppRgh0rojLxx8RycOp
3JhNCzhSMTxs9WLGJJxWOY,4myTppRgh0rojLxx8RycOp
1Xyo4u8uXC1ZmMpatF05PJ,57LYzLEk2LcFghVwuWbcuS
1Xyo4u8uXC1ZmMpatF05PJ,6hyMWrxGBsOx6sWcVj1DqP
1Xyo4u8uXC1ZmMpatF05PJ,5PdkRVDASsw6P7QoqRpz0F
6hyMWrxGBsOx6sWcVj1DqP,5PdkRVDASsw6P7QoqRpz0F
1Xyo4u8uXC1ZmMpatF05PJ,5TAipisjquAkq2o7lzMJyc
1Xyo4u8uXC1ZmMpatF05PJ,6qgnBH6iDM91ipVXv28OMu
1h6Cn3P4NGzXbaXidqURXs,1Xyo4u8uXC1ZmMpatF05PJ
1h6Cn3P4NGzXbaXidqURXs,1Xyo4u8uXC1ZmMpatF05PJ
1h6Cn3P4NGzXbaXidqURXs,4bU2sBWgXJtViut3q68o5m
1Xyo4u8uXC1ZmMpatF05PJ,4bU2sBWgXJtViut3q68o5m
246dkjvS1zLTtiykXe5h60,1Xyo4u8uXC1ZmMpatF05PJ
5K4W6rqBFWDnAN6FQUkS6x,1Xyo4u8uXC1ZmMpatF05PJ
0FOWNUFHPnMy0vOw1siGqi,1Xyo4u8uXC1ZmMpatF05PJ
0FOWNUFHPnMy0vOw1siGqi,1Xyo4u8uXC1ZmMpatF05PJ
0FOWNUFHPnMy0vOw1siGqi,50co4Is1HCEo8bhOyUWKpn
1Xyo4u8uXC1ZmMpatF05PJ,50co4Is1HCEo8bhOyUWKpn
5cj0lLjcoR7YOSnhnX0Po5,1Xyo4u8uXC1ZmMpatF05PJ
1Xyo4u8uXC1ZmMpatF05PJ,66CXWjxzNUsdJxJ2JdwvnR
1Xyo4u8uXC1ZmMpatF05PJ,7ltDVBr6mKbRvohxheJ9h1
30DhU7BDmF4PH0JVhu8ZRg,1Xyo4u8uXC1ZmMpatF05PJ
1r4hJ1h58CWwUQe3MxPuau,1Xyo4u8uXC1ZmMpatF05PJ
7CajNmpbOovFoOoasH2HaY,1Xyo4u8uXC1ZmMpatF05PJ
4MCBfE4596Uoi2O4DtmEMz,1Xyo4u8uXC1ZmMpatF05PJ
1Xyo4u8uXC1ZmMpatF05PJ,5cj0lLjcoR7YOSnhnX0Po5
1Xyo4u8uXC1ZmMpatF05PJ,738wLrAtLtCtFOLvQBXOXp
13y7CgLHjMVRMDqxdx0Xdo,1Xyo4u8uXC1ZmMpatF05PJ
00FQb4jTyendYWaN8pK0wa,1Xyo4u8uXC1ZmMpatF05PJ
1h6Cn3P4NGzXbaXidqURXs,02DWGcShQivFepRvGJ7xhB
7iZtZyCzp3LItcw1wtPI3D,1zNqQNIdeOUZHb8zbZRFMX
7iZtZyCzp3LItcw1wtPI3D,7EEiVZvj6RCEtVX2F2pyxu
1zNqQNIdeOUZHb8zbZRFMX,7EEiVZvj6RCEtVX2F2pyxu
2YZyLoL8N0Wb9xBt1NhZWg,7tYKF4w9nC0nq9CsPZTHyP
00FQb4jTyendYWaN8pK0wa,0e6qzpphJHtObTSwD75mi0
00FQb4jTyendYWaN8pK0wa,0e6qzpphJHtObTSwD75mi0
00FQb4jTyendYWaN8pK0wa,1okJ4NC308qbtY9LyHn6DO
00FQb4jTyendYWaN8pK0wa,1okJ4NC308qbtY9LyHn6DO
06HL4z0CvFAxyc27GXpf02,2eam0iDomRHGBypaDQLwWI
7gXy60xRcwYujBFoYHnR2O,06HL4z0CvFAxyc27GXpf02
06HL4z0CvFAxyc27GXpf02,7n2wHs1TKAczGzO7Dd2rGr
06HL4z0CvFAxyc27GXpf02,6MDME20pz9RveH9rEXvrOM
06HL4z0CvFAxyc27GXpf02,6eYFryfcEu3QSq59D62wZQ
06HL4z0CvFAxyc27GXpf02,20JZFwl6HVl6yg8a4H3ZqK
6eYFryfcEu3QSq59D62wZQ,20JZFwl6HVl6yg8a4H3ZqK
06HL4z0CvFAxyc27GXpf02,5iNrZmtVMtYev5M9yoWpEq
06HL4z0CvFAxyc27GXpf02,0IvBGOcv9xzgOrgGQGMMgp
06HL4z0CvFAxyc27GXpf02,4we5S2VLjgY9KzIzApL1KI
0IvBGOcv9xzgOrgGQGMMgp,4we5S2VLjgY9KzIzApL1KI
06HL4z0CvFAxyc27GXpf02,1okJ4NC308qbtY9LyHn6DO
4aP1lp10BRYZO658B2NwkG,14NWgL804kf79W2dJuGxRl
0cGUm45nv7Z6M6qdXYQGTX,1uNFoZAHBGtllmzznpCI3s
5yOvAmpIR7hVxiS6Ls5DPO,1uNFoZAHBGtllmzznpCI3s
5yOvAmpIR7hVxiS6Ls5DPO,1uNFoZAHBGtllmzznpCI3s
2EMAnMvWE2eb56ToJVfCWs,1uNFoZAHBGtllmzznpCI3s
2EMAnMvWE2eb56ToJVfCWs,3JXpwnHbLvXxY99EuXqFPX
1uNFoZAHBGtllmzznpCI3s,3JXpwnHbLvXxY99EuXqFPX
5he5w2lnU9x7JFhnwcekXX,1uNFoZAHBGtllmzznpCI3s
5he5w2lnU9x7JFhnwcekXX,4Gso3d4CscCijv0lmajZWs
1uNFoZAHBGtllmzznpCI3s,4Gso3d4CscCijv0lmajZWs
3tVQdUvClmAT7URs9V3rsp,1uNFoZAHBGtllmzznpCI3s
3tVQdUvClmAT7URs9V3rsp,687cZJR45JO7jhk1LHIbgq
1uNFoZAHBGtllmzznpCI3s,687cZJR45JO7jhk1LHIbgq
2tIP7SsRs7vjIcLrU85W8J,1uNFoZAHBGtllmzznpCI3s
1uNFoZAHBGtllmzznpCI3s,3dUPwMGYAsymFv80wkqEKl
1uNFoZAHBGtllmzznpCI3s,5yOvAmpIR7hVxiS6Ls5DPO
3dUPwMGYAsymFv80wkqEKl,5yOvAmpIR7hVxiS6Ls5DPO
1uNFoZAHBGtllmzznpCI3s,23zg3TcAtWQy7J6upgbUnj
1uNFoZAHBGtllmzznpCI3s,7hJcb9fa4alzcOq3EaNPoG
23zg3TcAtWQy7J6upgbUnj,7hJcb9fa4alzcOq3EaNPoG
7n2wHs1TKAczGzO7Dd2rGr,1uNFoZAHBGtllmzznpCI3s
1uNFoZAHBGtllmzznpCI3s,0rX88hXU35rnSH7ZBbZTv4
6fWVd57NKTalqvmjRd2t8Z,1uNFoZAHBGtllmzznpCI3s
6fWVd57NKTalqvmjRd2t8Z,1vyhD5VmyZ7KMfW5gqLgo5
1uNFoZAHBGtllmzznpCI3s,1vyhD5VmyZ7KMfW5gqLgo5
1uNFoZAHBGtllmzznpCI3s,5CiGnKThu5ctn9pBxv7DGa
1uNFoZAHBGtllmzznpCI3s,5CiGnKThu5ctn9pBxv7DGa
66CXWjxzNUsdJxJ2JdwvnR,1uNFoZAHBGtllmzznpCI3s
1uNFoZAHBGtllmzznpCI3s,57LYzLEk2LcFghVwuWbcuS
7z5WFjZAIYejWy0NI5lv4T,1uNFoZAHBGtllmzznpCI3s
7z5WFjZAIYejWy0NI5lv4T,1uNFoZAHBGtllmzznpCI3s
6qqNVTkY8uBg9cP3Jd7DAH,1uNFoZAHBGtllmzznpCI3s
0QHgL1lAIqAw0HtD7YldmP,1uNFoZAHBGtllmzznpCI3s
0QHgL1lAIqAw0HtD7YldmP,0VRj0yCOv2FXJNP47XQnx5
1uNFoZAHBGtllmzznpCI3s,0VRj0yCOv2FXJNP47XQnx5
1uNFoZAHBGtllmzznpCI3s,1okJ4NC308qbtY9LyHn6DO
1uNFoZAHBGtllmzznpCI3s,1okJ4NC308qbtY9LyHn6DO
5LHRHt1k9lMyONurDHEdrp,1uNFoZAHBGtllmzznpCI3s
6S0dmVVn4udvppDhZIWxCr,1uNFoZAHBGtllmzznpCI3s
6S0dmVVn4udvppDhZIWxCr,1uNFoZAHBGtllmzznpCI3s
5yOvAmpIR7hVxiS6Ls5DPO,6nS5roXSAGhTGr34W6n7Et
5yOvAmpIR7hVxiS6Ls5DPO,6nS5roXSAGhTGr34W6n7Et
1Cs0zKBU1kc0i8ypK3B9ai,5iNrZmtVMtYev5M9yoWpEq
1Cs0zKBU1kc0i8ypK3B9ai,10zWiHdzTa34LmgYrcIaI3
1Cs0zKBU1kc0i8ypK3B9ai,6cEuCEZu7PAE9ZSzLLc2oQ
4V8Sr092TqfHkfAA5fXXqG,4VMYDCV2IEDYJArk749S6m
540vIaP2JwjQb9dm3aArA4,3Isy6kedDrgPYoTS1dazA9
540vIaP2JwjQb9dm3aArA4,5bzWtCkjIAMgN93gLt56SO
540vIaP2JwjQb9dm3aArA4,7me0S5Z40qVWj3gzyK8aC3
5bzWtCkjIAMgN93gLt56SO,7me0S5Z40qVWj3gzyK8aC3
540vIaP2JwjQb9dm3aArA4,73e7mIMB4TvYKvNuXu2XxR
540vIaP2JwjQb9dm3aArA4,2qxJFvFYMEDqd7ui6kSAcq
540vIaP2JwjQb9dm3aArA4,1l2ekx5skC4gJH8djERwh1
540vIaP2JwjQb9dm3aArA4,64KEffDW9EtZ1y2vBYgq8T
738wLrAtLtCtFOLvQBXOXp,33ScadVnbm2X8kkUqOkC6Z
540vIaP2JwjQb9dm3aArA4,2o5jDhtHVPhrJdv3cEQ99Z
1HxJeLhIuegM3KgvPn8sTa,5he5w2lnU9x7JFhnwcekXX
1HxJeLhIuegM3KgvPn8sTa,5fMUXHkw8R8eOP2RNVYEZX
5he5w2lnU9x7JFhnwcekXX,5fMUXHkw8R8eOP2RNVYEZX
1HxJeLhIuegM3KgvPn8sTa,5he5w2lnU9x7JFhnwcekXX
1HxJeLhIuegM3KgvPn8sTa,5fMUXHkw8R8eOP2RNVYEZX
5he5w2lnU9x7JFhnwcekXX,5fMUXHkw8R8eOP2RNVYEZX
1HxJeLhIuegM3KgvPn8sTa,5he5w2lnU9x7JFhnwcekXX
1HxJeLhIuegM3KgvPn8sTa,5fMUXHkw8R8eOP2RNVYEZX
5he5w2lnU9x7JFhnwcekXX,5fMUXHkw8R8eOP2RNVYEZX
7mAcgRMD6EfCKHO6cIkDOP,66CXWjxzNUsdJxJ2JdwvnR
7mAcgRMD6EfCKHO6cIkDOP,181bsRPaVXVlUKXrxwZfHK
66CXWjxzNUsdJxJ2JdwvnR,181bsRPaVXVlUKXrxwZfHK
66CXWjxzNUsdJxJ2JdwvnR,0fA0VVWsXO9YnASrzqfmYu
3BmGtnKgCSGYIUhmivXKWX,66CXWjxzNUsdJxJ2JdwvnR
6S2OmqARrzebs0tKUEyXyp,66CXWjxzNUsdJxJ2JdwvnR
1HY2Jd0NmPuamShAr6KMms,66CXWjxzNUsdJxJ2JdwvnR
1HY2Jd0NmPuamShAr6KMms,2WBJQGf1bT1kxuoqziH5g4
66CXWjxzNUsdJxJ2JdwvnR,2WBJQGf1bT1kxuoqziH5g4
1HY2Jd0NmPuamShAr6KMms,66CXWjxzNUsdJxJ2JdwvnR
1HY2Jd0NmPuamShAr6KMms,0c5584rnmlOvkMpJtpBLTh
66CXWjxzNUsdJxJ2JdwvnR,0c5584rnmlOvkMpJtpBLTh
1HY2Jd0NmPuamShAr6KMms,66CXWjxzNUsdJxJ2JdwvnR
73Np75Wv2tju61Eo9Zw4IR,66CXWjxzNUsdJxJ2JdwvnR
66CXWjxzNUsdJxJ2JdwvnR,5UjifI1TYefXWn9GdqDOHl
66CXWjxzNUsdJxJ2JdwvnR,63XBtGSEZINSyXylZxEUbv
56oDRnqbIiwx4mymNEv7dS,66CXWjxzNUsdJxJ2JdwvnR
3EA9hVIzKfFiQI0Kikz2wo,66CXWjxzNUsdJxJ2JdwvnR
2gsggkzM5R49q6jpPvazou,66CXWjxzNUsdJxJ2JdwvnR
2gsggkzM5R49q6jpPvazou,0hCNtLu0JehylgoiP8L4Gh
66CXWjxzNUsdJxJ2JdwvnR,0hCNtLu0JehylgoiP8L4Gh
2gsggkzM5R49q6jpPvazou,66CXWjxzNUsdJxJ2JdwvnR
2gsggkzM5R49q6jpPvazou,0hCNtLu0JehylgoiP8L4Gh
66CXWjxzNUsdJxJ2JdwvnR,0hCNtLu0JehylgoiP8L4Gh
0MGQZNEMaEICyku3cSDrnJ,2RdwBSPQiwcmiDo9kixcl8
55vjGKmlvpOxuYjwGjBKrD,0XLzccXa76Fg2dH5cTVdMc
7CajNmpbOovFoOoasH2HaY,4A0TivfinfALCAMJqqjZIk
738wLrAtLtCtFOLvQBXOXp,5fMUXHkw8R8eOP2RNVYEZX
7dGJo4pcD2V6oG8kP0tJRR,7hJcb9fa4alzcOq3EaNPoG
6DPYiyq5kWVQS4RGwxzPC7,7dGJo4pcD2V6oG8kP0tJRR
4utLUGcTvOJFr6aqIJtYWV,6AgTAQt8XS6jRWi4sX7w49
4utLUGcTvOJFr6aqIJtYWV,7dGJo4pcD2V6oG8kP0tJRR
6AgTAQt8XS6jRWi4sX7w49,7dGJo4pcD2V6oG8kP0tJRR
7dGJo4pcD2V6oG8kP0tJRR,2LIk90788K0zvyj2JJVwkJ
7dGJo4pcD2V6oG8kP0tJRR,0huGjMyP507tBCARyzSkrv
2LIk90788K0zvyj2JJVwkJ,0huGjMyP507tBCARyzSkrv
0fA0VVWsXO9YnASrzqfmYu,7dGJo4pcD2V6oG8kP0tJRR
4xRYI6VqpkE3UwrDrAZL8L,7dGJo4pcD2V6oG8kP0tJRR
7dGJo4pcD2V6oG8kP0tJRR,3PDMMt0Ip2WHysoAOEAdBq
7dGJo4pcD2V6oG8kP0tJRR,3PDMMt0Ip2WHysoAOEAdBq
3ScY9CQxNLQei8Umvpx5g6,2YKqI0pz6dY15GpzxT66HD
34ABXKUj0gzq7R8vXjCaNj,1GeODmmQycY9UqF4MLO94I
246dkjvS1zLTtiykXe5h60,6V3F8MZrOKdT9fU686ybE9
246dkjvS1zLTtiykXe5h60,3NR7hAacOhmcztWvD7vJfS
6V3F8MZrOKdT9fU686ybE9,3NR7hAacOhmcztWvD7vJfS
0QHgL1lAIqAw0HtD7YldmP,246dkjvS1zLTtiykXe5h60
0QHgL1lAIqAw0HtD7YldmP,4r63FhuTkUYltbVAg5TQnk
246dkjvS1zLTtiykXe5h60,4r63FhuTkUYltbVAg5TQnk
4MCBfE4596Uoi2O4DtmEMz,5yy76ufVriyvidNSvXlRU1
4MCBfE4596Uoi2O4DtmEMz,246dkjvS1zLTtiykXe5h60
5yy76ufVriyvidNSvXlRU1,246dkjvS1zLTtiykXe5h60
1MXZ0hsGic96dWRDKwAwdr,0H39MdGGX6dbnnQPt6NQkZ
1MXZ0hsGic96dWRDKwAwdr,246dkjvS1zLTtiykXe5h60
0H39MdGGX6dbnnQPt6NQkZ,246dkjvS1zLTtiykXe5h60
1MXZ0hsGic96dWRDKwAwdr,4b9L0p4cMof32XvjwT9YrX
1MXZ0hsGic96dWRDKwAwdr,246dkjvS1zLTtiykXe5h60
4b9L0p4cMof32XvjwT9YrX,246dkjvS1zLTtiykXe5h60
1MXZ0hsGic96dWRDKwAwdr,246dkjvS1zLTtiykXe5h60
246dkjvS1zLTtiykXe5h60,757aE44tKEUQEqRuT6GnEB
246dkjvS1zLTtiykXe5h60,5LHRHt1k9lMyONurDHEdrp
757aE44tKEUQEqRuT6GnEB,5LHRHt1k9lMyONurDHEdrp
246dkjvS1zLTtiykXe5h60,1SupJlEpv7RS2tPNRaHViT
246dkjvS1zLTtiykXe5h60,1i8SpTcr7yvPOmcqrbnVXY
1SupJlEpv7RS2tPNRaHViT,1i8SpTcr7yvPOmcqrbnVXY
246dkjvS1zLTtiykXe5h60,0VRj0yCOv2FXJNP47XQnx5
246dkjvS1zLTtiykXe5h60,1RyvyyTE3xzB2ZywiAwp0i
0VRj0yCOv2FXJNP47XQnx5,1RyvyyTE3xzB2ZywiAwp0i
1Vu68l66tFfjW6YeundI8Y,246dkjvS1zLTtiykXe5h60
7c0XG5cIJTrrAgEC3ULPiq,1vyhD5VmyZ7KMfW5gqLgo5
7c0XG5cIJTrrAgEC3ULPiq,5LHRHt1k9lMyONurDHEdrp
1vyhD5VmyZ7KMfW5gqLgo5,5LHRHt1k9lMyONurDHEdrp
6vXTefBL93Dj5IqAWq6OTv,1fctva4kpRbg2k3v7kwRuS
2o5jDhtHVPhrJdv3cEQ99Z,5vQfv3s2Z2SRdPZKr82ABw
2o5jDhtHVPhrJdv3cEQ99Z,5vQfv3s2Z2SRdPZKr82ABw
2o5jDhtHVPhrJdv3cEQ99Z,5vQfv3s2Z2SRdPZKr82ABw
2o5jDhtHVPhrJdv3cEQ99Z,5vQfv3s2Z2SRdPZKr82ABw
2FmzVitXZjIkFolH8HXd4j,53ixqKNKVTgtSx3m3DGMA2
2FmzVitXZjIkFolH8HXd4j,4E69riquObrTmBTVuF1b7B
53ixqKNKVTgtSx3m3DGMA2,4E69riquObrTmBTVuF1b7B
2FmzVitXZjIkFolH8HXd4j,53ixqKNKVTgtSx3m3DGMA2
2FmzVitXZjIkFolH8HXd4j,4E69riquObrTmBTVuF1b7B
53ixqKNKVTgtSx3m3DGMA2,4E69riquObrTmBTVuF1b7B
2FmzVitXZjIkFolH8HXd4j,53ixqKNKVTgtSx3m3DGMA2
2FmzVitXZjIkFolH8HXd4j,4E69riquObrTmBTVuF1b7B
53ixqKNKVTgtSx3m3DGMA2,4E69riquObrTmBTVuF1b7B
5CiGnKThu5ctn9pBxv7DGa,3Nrfpe0tUJi4K4DXYWgMUX
5CiGnKThu5ctn9pBxv7DGa,7hJcb9fa4alzcOq3EaNPoG
3Nrfpe0tUJi4K4DXYWgMUX,7hJcb9fa4alzcOq3EaNPoG
5CiGnKThu5ctn9pBxv7DGa,3Nrfpe0tUJi4K4DXYWgMUX
5CiGnKThu5ctn9pBxv7DGa,7hJcb9fa4alzcOq3EaNPoG
3Nrfpe0tUJi4K4DXYWgMUX,7hJcb9fa4alzcOq3EaNPoG
5CiGnKThu5ctn9pBxv7DGa,3Nrfpe0tUJi4K4DXYWgMUX
5CiGnKThu5ctn9pBxv7DGa,7hJcb9fa4alzcOq3EaNPoG
3Nrfpe0tUJi4K4DXYWgMUX,7hJcb9fa4alzcOq3EaNPoG
6VuMaDnrHyPL1p4EHjYLi7,6HaGTQPmzraVmaVxvz6EUc
6VuMaDnrHyPL1p4EHjYLi7,3Nrfpe0tUJi4K4DXYWgMUX
6HaGTQPmzraVmaVxvz6EUc,3Nrfpe0tUJi4K4DXYWgMUX
6VuMaDnrHyPL1p4EHjYLi7,6HaGTQPmzraVmaVxvz6EUc
6VuMaDnrHyPL1p4EHjYLi7,3Nrfpe0tUJi4K4DXYWgMUX
6HaGTQPmzraVmaVxvz6EUc,3Nrfpe0tUJi4K4DXYWgMUX
4gzpq5DPGxSnKTe4SA8HAU,3Nrfpe0tUJi4K4DXYWgMUX
4gzpq5DPGxSnKTe4SA8HAU,1Cs0zKBU1kc0i8ypK3B9ai
3Nrfpe0tUJi4K4DXYWgMUX,1Cs0zKBU1kc0i8ypK3B9ai
4gzpq5DPGxSnKTe4SA8HAU,3Nrfpe0tUJi4K4DXYWgMUX
4gzpq5DPGxSnKTe4SA8HAU,4sTQVOfp9vEMCemLw50sbu
3Nrfpe0tUJi4K4DXYWgMUX,4sTQVOfp9vEMCemLw50sbu
4gzpq5DPGxSnKTe4SA8HAU,3Nrfpe0tUJi4K4DXYWgMUX
4gzpq5DPGxSnKTe4SA8HAU,3Nrfpe0tUJi4K4DXYWgMUX
4gzpq5DPGxSnKTe4SA8HAU,0ebNdVaOfp6N0oZ1guIxM8
3Nrfpe0tUJi4K4DXYWgMUX,0ebNdVaOfp6N0oZ1guIxM8
3Nrfpe0tUJi4K4DXYWgMUX,181bsRPaVXVlUKXrxwZfHK
56mfhUDKa1vec6rSLZV5Eg,07YZf4WDAMNwqr4jfgOZ8y
56mfhUDKa1vec6rSLZV5Eg,3Nrfpe0tUJi4K4DXYWgMUX
07YZf4WDAMNwqr4jfgOZ8y,3Nrfpe0tUJi4K4DXYWgMUX
26VFTg2z8YR0cCuwLzESi2,0ebNdVaOfp6N0oZ1guIxM8
26VFTg2z8YR0cCuwLzESi2,3Nrfpe0tUJi4K4DXYWgMUX
0ebNdVaOfp6N0oZ1guIxM8,3Nrfpe0tUJi4K4DXYWgMUX
3Nrfpe0tUJi4K4DXYWgMUX,5JZ7CnR6gTvEMKX4g70Amv
3Nrfpe0tUJi4K4DXYWgMUX,5JZ7CnR6gTvEMKX4g70Amv
3Nrfpe0tUJi4K4DXYWgMUX,7qxLQ0CByGfbd3HdL7ilR8
5JZ7CnR6gTvEMKX4g70Amv,7qxLQ0CByGfbd3HdL7ilR8
3Nrfpe0tUJi4K4DXYWgMUX,5JZ7CnR6gTvEMKX4g70Amv
7jVv8c5Fj3E9VhNjxT4snq,2auC28zjQyVTsiZKNgPRGs
7jVv8c5Fj3E9VhNjxT4snq,3Nrfpe0tUJi4K4DXYWgMUX
2auC28zjQyVTsiZKNgPRGs,3Nrfpe0tUJi4K4DXYWgMUX
3Nrfpe0tUJi4K4DXYWgMUX,4MCBfE4596Uoi2O4DtmEMz
3Nrfpe0tUJi4K4DXYWgMUX,1Xylc3o4UrD53lo9CvFvVg
3Nrfpe0tUJi4K4DXYWgMUX,25uiPmTg16RbhZWAqwLBy5
77AiFEVeAVj2ORpC85QVJs,3Nrfpe0tUJi4K4DXYWgMUX
3Nrfpe0tUJi4K4DXYWgMUX,77AiFEVeAVj2ORpC85QVJs
6VuMaDnrHyPL1p4EHjYLi7,6HaGTQPmzraVmaVxvz6EUc
6VuMaDnrHyPL1p4EHjYLi7,4sTQVOfp9vEMCemLw50sbu
6HaGTQPmzraVmaVxvz6EUc,4sTQVOfp9vEMCemLw50sbu
6VuMaDnrHyPL1p4EHjYLi7,6HaGTQPmzraVmaVxvz6EUc
6VuMaDnrHyPL1p4EHjYLi7,20gsENnposVs2I4rQ5kvrf
6HaGTQPmzraVmaVxvz6EUc,20gsENnposVs2I4rQ5kvrf
77AiFEVeAVj2ORpC85QVJs,2rTo8KIkBTFjQS7VvaKYQ4
77AiFEVeAVj2ORpC85QVJs,7DMveApC7UnC2NPfPvlHSU
77AiFEVeAVj2ORpC85QVJs,7DMveApC7UnC2NPfPvlHSU
77AiFEVeAVj2ORpC85QVJs,2rTo8KIkBTFjQS7VvaKYQ4
77AiFEVeAVj2ORpC85QVJs,41rVuRHYAiH7ltBTHVR9We
77AiFEVeAVj2ORpC85QVJs,41rVuRHYAiH7ltBTHVR9We
1wZtkThiXbVNtj6hee6dz9,1vyhD5VmyZ7KMfW5gqLgo5
768O5GliF0bqscyghggrbE,1vyhD5VmyZ7KMfW5gqLgo5
2oQX8QiMXOyuqbcZEFsZfm,1vyhD5VmyZ7KMfW5gqLgo5
2x7PC78TmgqpEIjaGAZ0Oz,1vyhD5VmyZ7KMfW5gqLgo5
3CbYyyd8wH3RT6t0jwpdzC,7FNnA9vBm6EKceENgCGRMb
3CbYyyd8wH3RT6t0jwpdzC,1vyhD5VmyZ7KMfW5gqLgo5
7FNnA9vBm6EKceENgCGRMb,1vyhD5VmyZ7KMfW5gqLgo5
1vyhD5VmyZ7KMfW5gqLgo5,7j6DKwmjbxvpQO8h914uEz
0y59o4v8uw5crbN9M3JiL1,1vyhD5VmyZ7KMfW5gqLgo5
0y59o4v8uw5crbN9M3JiL1,0GM7qgcRCORpGnfcN2tCiB
1vyhD5VmyZ7KMfW5gqLgo5,0GM7qgcRCORpGnfcN2tCiB
3fZk3Gm5dN5v5yfYMQ04Bx,77ziqFxp5gaInVrF2lj4ht
3fZk3Gm5dN5v5yfYMQ04Bx,1vyhD5VmyZ7KMfW5gqLgo5
77ziqFxp5gaInVrF2lj4ht,1vyhD5VmyZ7KMfW5gqLgo5
0y59o4v8uw5crbN9M3JiL1,1vyhD5VmyZ7KMfW5gqLgo5
0y59o4v8uw5crbN9M3JiL1,2o5jDhtHVPhrJdv3cEQ99Z
1vyhD5VmyZ7KMfW5gqLgo5,2o5jDhtHVPhrJdv3cEQ99Z
0y59o4v8uw5crbN9M3JiL1,1vyhD5VmyZ7KMfW5gqLgo5
0y59o4v8uw5crbN9M3JiL1,0GM7qgcRCORpGnfcN2tCiB
1vyhD5VmyZ7KMfW5gqLgo5,0GM7qgcRCORpGnfcN2tCiB
5H6xmHXjsq98NLbEjuE29f,1BEUkE2CSUgHTLSBMZdnFB
5H6xmHXjsq98NLbEjuE29f,1vyhD5VmyZ7KMfW5gqLgo5
1BEUkE2CSUgHTLSBMZdnFB,1vyhD5VmyZ7KMfW5gqLgo5
3Lk9AWrpD4bminO5LwmBOw,1vyhD5VmyZ7KMfW5gqLgo5
77ziqFxp5gaInVrF2lj4ht,4VMYDCV2IEDYJArk749S6m
77ziqFxp5gaInVrF2lj4ht,1vyhD5VmyZ7KMfW5gqLgo5
4VMYDCV2IEDYJArk749S6m,1vyhD5VmyZ7KMfW5gqLgo5
1vyhD5VmyZ7KMfW5gqLgo5,2p4aN0Uxkk3iT3HK0cJ2cJ
2p1fiYHYiXz9qi0JJyxBzN,1vyhD5VmyZ7KMfW5gqLgo5
5XJDexmWFLWOkjOEjOVX3e,1vyhD5VmyZ7KMfW5gqLgo5
5XJDexmWFLWOkjOEjOVX3e,4VMYDCV2IEDYJArk749S6m
1vyhD5VmyZ7KMfW5gqLgo5,4VMYDCV2IEDYJArk749S6m
1vyhD5VmyZ7KMfW5gqLgo5,5he5w2lnU9x7JFhnwcekXX
1vyhD5VmyZ7KMfW5gqLgo5,790FomKkXshlbRYZFtlgla
1vyhD5VmyZ7KMfW5gqLgo5,1SupJlEpv7RS2tPNRaHViT
790FomKkXshlbRYZFtlgla,1SupJlEpv7RS2tPNRaHViT
1vyhD5VmyZ7KMfW5gqLgo5,2cPqdH7XMvwaBJEVjheH8g
1vyhD5VmyZ7KMfW5gqLgo5,1DxLCyH42yaHKGK3cl5bvG
1vyhD5VmyZ7KMfW5gqLgo5,6LuN9FCkKOj5PcnpouEgny
790FomKkXshlbRYZFtlgla,2R21vXR83lH98kGeO99Y66
790FomKkXshlbRYZFtlgla,1vyhD5VmyZ7KMfW5gqLgo5
2R21vXR83lH98kGeO99Y66,1vyhD5VmyZ7KMfW5gqLgo5
4TAoP0f9OuWZUesao43xUW,1vyhD5VmyZ7KMfW5gqLgo5
0H39MdGGX6dbnnQPt6NQkZ,1vyhD5VmyZ7KMfW5gqLgo5
0H39MdGGX6dbnnQPt6NQkZ,5rGrDvrLOV2VV8SCFVGWlj
1vyhD5VmyZ7KMfW5gqLgo5,5rGrDvrLOV2VV8SCFVGWlj
4TAoP0f9OuWZUesao43xUW,1vyhD5VmyZ7KMfW5gqLgo5
1mcTU81TzQhprhouKaTkpq,1vyhD5VmyZ7KMfW5gqLgo5
77ziqFxp5gaInVrF2lj4ht,1vyhD5VmyZ7KMfW5gqLgo5
4QrBoWLm2WNlPdbFhmlaUZ,1vyhD5VmyZ7KMfW5gqLgo5
77ziqFxp5gaInVrF2lj4ht,4VMYDCV2IEDYJArk749S6m
77ziqFxp5gaInVrF2lj4ht,1vyhD5VmyZ7KMfW5gqLgo5
4VMYDCV2IEDYJArk749S6m,1vyhD5VmyZ7KMfW5gqLgo5
0H39MdGGX6dbnnQPt6NQkZ,1vyhD5VmyZ7KMfW5gqLgo5
0H39MdGGX6dbnnQPt6NQkZ,5rGrDvrLOV2VV8SCFVGWlj
1vyhD5VmyZ7KMfW5gqLgo5,5rGrDvrLOV2VV8SCFVGWlj
0H39MdGGX6dbnnQPt6NQkZ,1vyhD5VmyZ7KMfW5gqLgo5
0H39MdGGX6dbnnQPt6NQkZ,5rGrDvrLOV2VV8SCFVGWlj
1vyhD5VmyZ7KMfW5gqLgo5,5rGrDvrLOV2VV8SCFVGWlj
4IMAo2UQchVFyPH24PAjUs,1vyhD5VmyZ7KMfW5gqLgo5
2LRoIwlKmHjgvigdNGBHNo,14zUHaJZo1mnYtn6IBRaRP
2LRoIwlKmHjgvigdNGBHNo,1vyhD5VmyZ7KMfW5gqLgo5
14zUHaJZo1mnYtn6IBRaRP,1vyhD5VmyZ7KMfW5gqLgo5
1yxSLGMDHlW21z4YXirZDS,1vyhD5VmyZ7KMfW5gqLgo5
6nVcHLIgY5pE2YCl8ubca1,2R21vXR83lH98kGeO99Y66
6nVcHLIgY5pE2YCl8ubca1,1vyhD5VmyZ7KMfW5gqLgo5
2R21vXR83lH98kGeO99Y66,1vyhD5VmyZ7KMfW5gqLgo5
1pf0MPKfKdvS8J779mS1Ay,1vyhD5VmyZ7KMfW5gqLgo5
1pf0MPKfKdvS8J779mS1Ay,7iK8PXO48WeuP03g8YR51W
1vyhD5VmyZ7KMfW5gqLgo5,7iK8PXO48WeuP03g8YR51W
540vIaP2JwjQb9dm3aArA4,1vyhD5VmyZ7KMfW5gqLgo5
540vIaP2JwjQb9dm3aArA4,1i8SpTcr7yvPOmcqrbnVXY
1vyhD5VmyZ7KMfW5gqLgo5,1i8SpTcr7yvPOmcqrbnVXY
738wLrAtLtCtFOLvQBXOXp,1vyhD5VmyZ7KMfW5gqLgo5
738wLrAtLtCtFOLvQBXOXp,2oQX8QiMXOyuqbcZEFsZfm
1vyhD5VmyZ7KMfW5gqLgo5,2oQX8QiMXOyuqbcZEFsZfm
738wLrAtLtCtFOLvQBXOXp,1vyhD5VmyZ7KMfW5gqLgo5
738wLrAtLtCtFOLvQBXOXp,6cK3NBO6uP7hh0oyuVELFl
1vyhD5VmyZ7KMfW5gqLgo5,6cK3NBO6uP7hh0oyuVELFl
738wLrAtLtCtFOLvQBXOXp,1vyhD5VmyZ7KMfW5gqLgo5
738wLrAtLtCtFOLvQBXOXp,6cK3NBO6uP7hh0oyuVELFl
1vyhD5VmyZ7KMfW5gqLgo5,6cK3NBO6uP7hh0oyuVELFl
4UhiMIdxKqQxmzdE9nYe6O,1vyhD5VmyZ7KMfW5gqLgo5
4UhiMIdxKqQxmzdE9nYe6O,1vyhD5VmyZ7KMfW5gqLgo5
1r4hJ1h58CWwUQe3MxPuau,1vyhD5VmyZ7KMfW5gqLgo5
1pf0MPKfKdvS8J779mS1Ay,1vyhD5VmyZ7KMfW5gqLgo5
7Do8se3ZoaVqUt3woqqSrD,0ffKEtMDnROKWyJtXUnLbJ
7Do8se3ZoaVqUt3woqqSrD,1vyhD5VmyZ7KMfW5gqLgo5
0ffKEtMDnROKWyJtXUnLbJ,1vyhD5VmyZ7KMfW5gqLgo5
738wLrAtLtCtFOLvQBXOXp,1vyhD5VmyZ7KMfW5gqLgo5
738wLrAtLtCtFOLvQBXOXp,2oQX8QiMXOyuqbcZEFsZfm
1vyhD5VmyZ7KMfW5gqLgo5,2oQX8QiMXOyuqbcZEFsZfm
738wLrAtLtCtFOLvQBXOXp,1vyhD5VmyZ7KMfW5gqLgo5
738wLrAtLtCtFOLvQBXOXp,2oQX8QiMXOyuqbcZEFsZfm
1vyhD5VmyZ7KMfW5gqLgo5,2oQX8QiMXOyuqbcZEFsZfm
738wLrAtLtCtFOLvQBXOXp,1vyhD5VmyZ7KMfW5gqLgo5
738wLrAtLtCtFOLvQBXOXp,2oQX8QiMXOyuqbcZEFsZfm
1vyhD5VmyZ7KMfW5gqLgo5,2oQX8QiMXOyuqbcZEFsZfm
0vR2qb8m9WHeZ5ByCbimq2,1vyhD5VmyZ7KMfW5gqLgo5
0vR2qb8m9WHeZ5ByCbimq2,1GAymyGBvB4gQy5Z5LZ1Wj
1vyhD5VmyZ7KMfW5gqLgo5,1GAymyGBvB4gQy5Z5LZ1Wj
540vIaP2JwjQb9dm3aArA4,1vyhD5VmyZ7KMfW5gqLgo5
540vIaP2JwjQb9dm3aArA4,5LHRHt1k9lMyONurDHEdrp
1vyhD5VmyZ7KMfW5gqLgo5,5LHRHt1k9lMyONurDHEdrp
3Isy6kedDrgPYoTS1dazA9,1vyhD5VmyZ7KMfW5gqLgo5
5LHRHt1k9lMyONurDHEdrp,1vyhD5VmyZ7KMfW5gqLgo5
5LHRHt1k9lMyONurDHEdrp,7bXgB6jMjp9ATFy66eO08Z
1vyhD5VmyZ7KMfW5gqLgo5,7bXgB6jMjp9ATFy66eO08Z
3Isy6kedDrgPYoTS1dazA9,1vyhD5VmyZ7KMfW5gqLgo5
3Isy6kedDrgPYoTS1dazA9,1vyhD5VmyZ7KMfW5gqLgo5
1SupJlEpv7RS2tPNRaHViT,1vyhD5VmyZ7KMfW5gqLgo5
1SupJlEpv7RS2tPNRaHViT,2R21vXR83lH98kGeO99Y66
1vyhD5VmyZ7KMfW5gqLgo5,2R21vXR83lH98kGeO99Y66
1SupJlEpv7RS2tPNRaHViT,1vyhD5VmyZ7KMfW5gqLgo5
1SupJlEpv7RS2tPNRaHViT,4SsVbpTthjScTS7U2hmr1X
1vyhD5VmyZ7KMfW5gqLgo5,4SsVbpTthjScTS7U2hmr1X
0QHgL1lAIqAw0HtD7YldmP,20sxb77xiYeusSH8cVdatc
0QHgL1lAIqAw0HtD7YldmP,1vyhD5VmyZ7KMfW5gqLgo5
20sxb77xiYeusSH8cVdatc,1vyhD5VmyZ7KMfW5gqLgo5
3Isy6kedDrgPYoTS1dazA9,1vyhD5VmyZ7KMfW5gqLgo5
3Isy6kedDrgPYoTS1dazA9,3v2NAsnsViisa2k0CNolXW
1vyhD5VmyZ7KMfW5gqLgo5,3v2NAsnsViisa2k0CNolXW
0GOx72r5AAEKRGQFn3xqXK,1vyhD5VmyZ7KMfW5gqLgo5
1i8SpTcr7yvPOmcqrbnVXY,4VMYDCV2IEDYJArk749S6m
1i8SpTcr7yvPOmcqrbnVXY,1vyhD5VmyZ7KMfW5gqLgo5
4VMYDCV2IEDYJArk749S6m,1vyhD5VmyZ7KMfW5gqLgo5
3Isy6kedDrgPYoTS1dazA9,1vyhD5VmyZ7KMfW5gqLgo5
1vyhD5VmyZ7KMfW5gqLgo5,77GVmrLGuxNEvj2ibvT62v
7ltDVBr6mKbRvohxheJ9h1,1vyhD5VmyZ7KMfW5gqLgo5
3Isy6kedDrgPYoTS1dazA9,1vyhD5VmyZ7KMfW5gqLgo5
5CiGnKThu5ctn9pBxv7DGa,0C8ZW7ezQVs4URX5aX7Kqx
5CiGnKThu5ctn9pBxv7DGa,1vyhD5VmyZ7KMfW5gqLgo5
0C8ZW7ezQVs4URX5aX7Kqx,1vyhD5VmyZ7KMfW5gqLgo5
5bzWtCkjIAMgN93gLt56SO,1vyhD5VmyZ7KMfW5gqLgo5
5bzWtCkjIAMgN93gLt56SO,7FNnA9vBm6EKceENgCGRMb
1vyhD5VmyZ7KMfW5gqLgo5,7FNnA9vBm6EKceENgCGRMb
0xHa28taiElkcQf9o3z76g,1vyhD5VmyZ7KMfW5gqLgo5
0xHa28taiElkcQf9o3z76g,1vyhD5VmyZ7KMfW5gqLgo5
0JWemE0N1N3nwrtMNg2eMO,1vyhD5VmyZ7KMfW5gqLgo5
0JWemE0N1N3nwrtMNg2eMO,6nVcHLIgY5pE2YCl8ubca1
1vyhD5VmyZ7KMfW5gqLgo5,6nVcHLIgY5pE2YCl8ubca1
1GAymyGBvB4gQy5Z5LZ1Wj,1vyhD5VmyZ7KMfW5gqLgo5
1GAymyGBvB4gQy5Z5LZ1Wj,1akovilveREPmx1E535jJU
1vyhD5VmyZ7KMfW5gqLgo5,1akovilveREPmx1E535jJU
1VrWc8r4AjrR8YfT0vlsc7,1vyhD5VmyZ7KMfW5gqLgo5
3EiLUeyEcA6fbRPSHkG5kb,1vyhD5VmyZ7KMfW5gqLgo5
1fctva4kpRbg2k3v7kwRuS,329e4yvIujISKGKz1BZZbO
1fctva4kpRbg2k3v7kwRuS,1vyhD5VmyZ7KMfW5gqLgo5
329e4yvIujISKGKz1BZZbO,1vyhD5VmyZ7KMfW5gqLgo5
2W6kbe0nm96COrHzNmfLLd,1RyvyyTE3xzB2ZywiAwp0i
2W6kbe0nm96COrHzNmfLLd,1vyhD5VmyZ7KMfW5gqLgo5
1RyvyyTE3xzB2ZywiAwp0i,1vyhD5VmyZ7KMfW5gqLgo5
790FomKkXshlbRYZFtlgla,1vyhD5VmyZ7KMfW5gqLgo5
1SupJlEpv7RS2tPNRaHViT,1vyhD5VmyZ7KMfW5gqLgo5
1SupJlEpv7RS2tPNRaHViT,1vyhD5VmyZ7KMfW5gqLgo5
1SupJlEpv7RS2tPNRaHViT,1r4hJ1h58CWwUQe3MxPuau
1vyhD5VmyZ7KMfW5gqLgo5,1r4hJ1h58CWwUQe3MxPuau
51XrH5fQP2oIQynuKxSWcW,1vyhD5VmyZ7KMfW5gqLgo5
51XrH5fQP2oIQynuKxSWcW,1i8SpTcr7yvPOmcqrbnVXY
1vyhD5VmyZ7KMfW5gqLgo5,1i8SpTcr7yvPOmcqrbnVXY
1vyhD5VmyZ7KMfW5gqLgo5,02kJSzxNuaWGqwubyUba0Z
1vyhD5VmyZ7KMfW5gqLgo5,23TFHmajVfBtlRx5MXqgoz
02kJSzxNuaWGqwubyUba0Z,23TFHmajVfBtlRx5MXqgoz
1vyhD5VmyZ7KMfW5gqLgo5,21451j1KhjAiaYKflxBjr1
2W6kbe0nm96COrHzNmfLLd,1RyvyyTE3xzB2ZywiAwp0i
2W6kbe0nm96COrHzNmfLLd,1vyhD5VmyZ7KMfW5gqLgo5
1RyvyyTE3xzB2ZywiAwp0i,1vyhD5VmyZ7KMfW5gqLgo5
2W6kbe0nm96COrHzNmfLLd,1vyhD5VmyZ7KMfW5gqLgo5
2W6kbe0nm96COrHzNmfLLd,1RyvyyTE3xzB2ZywiAwp0i
1vyhD5VmyZ7KMfW5gqLgo5,1RyvyyTE3xzB2ZywiAwp0i
6nVcHLIgY5pE2YCl8ubca1,1vyhD5VmyZ7KMfW5gqLgo5
1vyhD5VmyZ7KMfW5gqLgo5,1HcAkAeL4xf02wzAnl7mIV
2W6kbe0nm96COrHzNmfLLd,1vyhD5VmyZ7KMfW5gqLgo5
2W6kbe0nm96COrHzNmfLLd,2ExGrw6XpbtUAJHTLtUXUD
1vyhD5VmyZ7KMfW5gqLgo5,2ExGrw6XpbtUAJHTLtUXUD
1SupJlEpv7RS2tPNRaHViT,1vyhD5VmyZ7KMfW5gqLgo5
1SupJlEpv7RS2tPNRaHViT,1vyhD5VmyZ7KMfW5gqLgo5
5pUo3fmmHT8bhCyHE52hA6,1vyhD5VmyZ7KMfW5gqLgo5
1vyhD5VmyZ7KMfW5gqLgo5,3ECsaSd1fom8coUUkkFzqt
1vyhD5VmyZ7KMfW5gqLgo5,7FNnA9vBm6EKceENgCGRMb
3ECsaSd1fom8coUUkkFzqt,7FNnA9vBm6EKceENgCGRMb
2W6kbe0nm96COrHzNmfLLd,1vyhD5VmyZ7KMfW5gqLgo5
2W6kbe0nm96COrHzNmfLLd,2ExGrw6XpbtUAJHTLtUXUD
1vyhD5VmyZ7KMfW5gqLgo5,2ExGrw6XpbtUAJHTLtUXUD
2W6kbe0nm96COrHzNmfLLd,1vyhD5VmyZ7KMfW5gqLgo5
2W6kbe0nm96COrHzNmfLLd,2ExGrw6XpbtUAJHTLtUXUD
1vyhD5VmyZ7KMfW5gqLgo5,2ExGrw6XpbtUAJHTLtUXUD
2W6kbe0nm96COrHzNmfLLd,1vyhD5VmyZ7KMfW5gqLgo5
2W6kbe0nm96COrHzNmfLLd,2ExGrw6XpbtUAJHTLtUXUD
1vyhD5VmyZ7KMfW5gqLgo5,2ExGrw6XpbtUAJHTLtUXUD
2W6kbe0nm96COrHzNmfLLd,1vyhD5VmyZ7KMfW5gqLgo5
2W6kbe0nm96COrHzNmfLLd,2ExGrw6XpbtUAJHTLtUXUD
1vyhD5VmyZ7KMfW5gqLgo5,2ExGrw6XpbtUAJHTLtUXUD
1SupJlEpv7RS2tPNRaHViT,1vyhD5VmyZ7KMfW5gqLgo5
0qTZZWLzuD59Un5r1speHm,1vyhD5VmyZ7KMfW5gqLgo5
0qTZZWLzuD59Un5r1speHm,1i8SpTcr7yvPOmcqrbnVXY
1vyhD5VmyZ7KMfW5gqLgo5,1i8SpTcr7yvPOmcqrbnVXY
1vyhD5VmyZ7KMfW5gqLgo5,3ECsaSd1fom8coUUkkFzqt
1vyhD5VmyZ7KMfW5gqLgo5,7FNnA9vBm6EKceENgCGRMb
3ECsaSd1fom8coUUkkFzqt,7FNnA9vBm6EKceENgCGRMb
1vyhD5VmyZ7KMfW5gqLgo5,4IMAo2UQchVFyPH24PAjUs
2W6kbe0nm96COrHzNmfLLd,1vyhD5VmyZ7KMfW5gqLgo5
2W6kbe0nm96COrHzNmfLLd,2ExGrw6XpbtUAJHTLtUXUD
1vyhD5VmyZ7KMfW5gqLgo5,2ExGrw6XpbtUAJHTLtUXUD
7FNnA9vBm6EKceENgCGRMb,1vyhD5VmyZ7KMfW5gqLgo5
1vyhD5VmyZ7KMfW5gqLgo5,4RSyJzf7ef6Iu2rnLdabNq
1vyhD5VmyZ7KMfW5gqLgo5,4RSyJzf7ef6Iu2rnLdabNq
1vyhD5VmyZ7KMfW5gqLgo5,4RSyJzf7ef6Iu2rnLdabNq
1vyhD5VmyZ7KMfW5gqLgo5,4RSyJzf7ef6Iu2rnLdabNq
1vyhD5VmyZ7KMfW5gqLgo5,4RSyJzf7ef6Iu2rnLdabNq
1vyhD5VmyZ7KMfW5gqLgo5,4RSyJzf7ef6Iu2rnLdabNq
1vyhD5VmyZ7KMfW5gqLgo5,4RSyJzf7ef6Iu2rnLdabNq
1vyhD5VmyZ7KMfW5gqLgo5,4RSyJzf7ef6Iu2rnLdabNq
1vyhD5VmyZ7KMfW5gqLgo5,4RSyJzf7ef6Iu2rnLdabNq
1vyhD5VmyZ7KMfW5gqLgo5,4RSyJzf7ef6Iu2rnLdabNq
1vyhD5VmyZ7KMfW5gqLgo5,4RSyJzf7ef6Iu2rnLdabNq
1vyhD5VmyZ7KMfW5gqLgo5,4RSyJzf7ef6Iu2rnLdabNq
1vyhD5VmyZ7KMfW5gqLgo5,4RSyJzf7ef6Iu2rnLdabNq
1vyhD5VmyZ7KMfW5gqLgo5,4RSyJzf7ef6Iu2rnLdabNq
1vyhD5VmyZ7KMfW5gqLgo5,4RSyJzf7ef6Iu2rnLdabNq
1vyhD5VmyZ7KMfW5gqLgo5,4RSyJzf7ef6Iu2rnLdabNq
1vyhD5VmyZ7KMfW5gqLgo5,5PlfkPxwCpRRWQJBxCa0By
4RSyJzf7ef6Iu2rnLdabNq,5PlfkPxwCpRRWQJBxCa0By
1vyhD5VmyZ7KMfW5gqLgo5,4RSyJzf7ef6Iu2rnLdabNq
1vyhD5VmyZ7KMfW5gqLgo5,4RSyJzf7ef6Iu2rnLdabNq
1vyhD5VmyZ7KMfW5gqLgo5,4RSyJzf7ef6Iu2rnLdabNq
6vXTefBL93Dj5IqAWq6OTv,1vyhD5VmyZ7KMfW5gqLgo5
1vyhD5VmyZ7KMfW5gqLgo5,4RSyJzf7ef6Iu2rnLdabNq
1vyhD5VmyZ7KMfW5gqLgo5,4IMAo2UQchVFyPH24PAjUs
1vyhD5VmyZ7KMfW5gqLgo5,0TnOYISbd1XYRBk9myaseg
1vyhD5VmyZ7KMfW5gqLgo5,0TnOYISbd1XYRBk9myaseg
0qTZZWLzuD59Un5r1speHm,1vyhD5VmyZ7KMfW5gqLgo5
0qTZZWLzuD59Un5r1speHm,1i8SpTcr7yvPOmcqrbnVXY
1vyhD5VmyZ7KMfW5gqLgo5,1i8SpTcr7yvPOmcqrbnVXY
0TnOYISbd1XYRBk9myaseg,1vyhD5VmyZ7KMfW5gqLgo5
2MRBDr0crHWE5JwPceFncq,1bfl0AU8SqmLkElptOprhC
2MRBDr0crHWE5JwPceFncq,1vyhD5VmyZ7KMfW5gqLgo5
1bfl0AU8SqmLkElptOprhC,1vyhD5VmyZ7KMfW5gqLgo5
1SupJlEpv7RS2tPNRaHViT,4SsVbpTthjScTS7U2hmr1X
1SupJlEpv7RS2tPNRaHViT,1vyhD5VmyZ7KMfW5gqLgo5
4SsVbpTthjScTS7U2hmr1X,1vyhD5VmyZ7KMfW5gqLgo5
1vyhD5VmyZ7KMfW5gqLgo5,3PAwspMN27PDm81WwXDsMf
1vyhD5VmyZ7KMfW5gqLgo5,1r4hJ1h58CWwUQe3MxPuau
3PAwspMN27PDm81WwXDsMf,1r4hJ1h58CWwUQe3MxPuau
738wLrAtLtCtFOLvQBXOXp,5fMUXHkw8R8eOP2RNVYEZX
738wLrAtLtCtFOLvQBXOXp,5fMUXHkw8R8eOP2RNVYEZX
2R21vXR83lH98kGeO99Y66,4VMYDCV2IEDYJArk749S6m
2R21vXR83lH98kGeO99Y66,790FomKkXshlbRYZFtlgla
4VMYDCV2IEDYJArk749S6m,790FomKkXshlbRYZFtlgla
1Cs0zKBU1kc0i8ypK3B9ai,0iSYvHKAdhWVdZkS1PYK3u
1Cs0zKBU1kc0i8ypK3B9ai,4D75GcNG95ebPtNvoNVXhz
1Cs0zKBU1kc0i8ypK3B9ai,60bBAf1WFPnIwyBSfXj9xv
4D75GcNG95ebPtNvoNVXhz,60bBAf1WFPnIwyBSfXj9xv
1Cs0zKBU1kc0i8ypK3B9ai,5wwneIFdawNgQ7GvKK29Z3
1Cs0zKBU1kc0i8ypK3B9ai,0pICHdgyIVvu5jvDsFu9pD
1Cs0zKBU1kc0i8ypK3B9ai,3XonXgjEAAXVl0WKLF1Z4g
7vWBZm3sQ8yQvfV4nXxHXK,7F1w7u9qia2HAPJWjwcosT
2R21vXR83lH98kGeO99Y66,2ydZrTy8U3kOMOzx20s3dg
64aJYyrXljOodnUG6jvhRD,2T1aUibqR2QC2sINIDQOAK
4SsVbpTthjScTS7U2hmr1X,64aJYyrXljOodnUG6jvhRD
738wLrAtLtCtFOLvQBXOXp,540vIaP2JwjQb9dm3aArA4
738wLrAtLtCtFOLvQBXOXp,5fMUXHkw8R8eOP2RNVYEZX
540vIaP2JwjQb9dm3aArA4,5fMUXHkw8R8eOP2RNVYEZX
1pgDilWYDWLoOgGjf1iHNu,2jBa39W2cucJozDpEBtCXu
68Yelg8HOZqYn4EjOnXsZy,7BOLXRhKCofrP6ESS7Owuo
4kYSro6naA4h99UJvo89HB,5K4W6rqBFWDnAN6FQUkS6x
4kYSro6naA4h99UJvo89HB,3hcs9uc56yIGFCSy9leWe7
5K4W6rqBFWDnAN6FQUkS6x,3hcs9uc56yIGFCSy9leWe7
4kYSro6naA4h99UJvo89HB,5K4W6rqBFWDnAN6FQUkS6x
4kYSro6naA4h99UJvo89HB,3hcs9uc56yIGFCSy9leWe7
5K4W6rqBFWDnAN6FQUkS6x,3hcs9uc56yIGFCSy9leWe7
0NbfKEOTQCcwd6o7wSDOHI,5K4W6rqBFWDnAN6FQUkS6x
5K4W6rqBFWDnAN6FQUkS6x,15UsOTVnJzReFVN1VCnxy4
14CHVeJGrR5xgUGQFV5BVM,5K4W6rqBFWDnAN6FQUkS6x
14CHVeJGrR5xgUGQFV5BVM,3DiDSECUqqY1AuBP8qtaIa
5K4W6rqBFWDnAN6FQUkS6x,3DiDSECUqqY1AuBP8qtaIa
5K4W6rqBFWDnAN6FQUkS6x,74V3dE1a51skRkdII8y2C6
5K4W6rqBFWDnAN6FQUkS6x,0Y5tJX1MQlPlqiwlOH1tJY
5K4W6rqBFWDnAN6FQUkS6x,3wyVrVrFCkukjdVIdirGVY
5K4W6rqBFWDnAN6FQUkS6x,3wyVrVrFCkukjdVIdirGVY
5pKCCKE2ajJHZ9KAiaK11H,5K4W6rqBFWDnAN6FQUkS6x
5pKCCKE2ajJHZ9KAiaK11H,4STHEaNw4mPZ2tzheohgXB
5K4W6rqBFWDnAN6FQUkS6x,4STHEaNw4mPZ2tzheohgXB
0ONHkAv9pCAFxb0zJwDNTy,5K4W6rqBFWDnAN6FQUkS6x
5j4HeCoUlzhfWtjAfM1acR,5K4W6rqBFWDnAN6FQUkS6x
1020a42xVklY6c56imNcaa,5y2Xq6xcjJb2jVM54GHK3t
1020a42xVklY6c56imNcaa,5K4W6rqBFWDnAN6FQUkS6x
5y2Xq6xcjJb2jVM54GHK3t,5K4W6rqBFWDnAN6FQUkS6x
5T0MSzX9RC5NA6gAI6irSn,4mHAu7NX2UNsnGXjviBD9e
5T0MSzX9RC5NA6gAI6irSn,7f5Zgnp2spUuuzKplmRkt7
2I1bnmb9VQEQGKHxvr0gSf,7Aq8lpLMSt1Zxu56pe9bmp
2I1bnmb9VQEQGKHxvr0gSf,6nfYGe7IIuuP5bMY1jkJP6
7Aq8lpLMSt1Zxu56pe9bmp,6nfYGe7IIuuP5bMY1jkJP6
0Y5tJX1MQlPlqiwlOH1tJY,4O15NlyKLIASxsJ0PrXPfz
1H7YLrvT4qqAmB4t1UCkEy,1mi50HEHskAczItE26iKcG
1H7YLrvT4qqAmB4t1UCkEy,4xI9aOlKPykH8sTQQV19NB
1mi50HEHskAczItE26iKcG,4xI9aOlKPykH8sTQQV19NB
3nFkdlSjzX9mRTtwJOzDYB,4OBJLual30L7gRl5UkeRcT
7u6LfVyYpEzMpHLL7jTyvU,5KkgZ31b9eDwkvo9oMIrSm
13njkVAh8MqaF6fEjANptU,2Jwr7hGoSNK3S3QBxh3T0z
6qqNVTkY8uBg9cP3Jd7DAH,7ltDVBr6mKbRvohxheJ9h1
6qqNVTkY8uBg9cP3Jd7DAH,6LuN9FCkKOj5PcnpouEgny
6qqNVTkY8uBg9cP3Jd7DAH,586uxXMyD5ObPuzjtrzO1Q
6qqNVTkY8uBg9cP3Jd7DAH,68kEuyFKyqrdQQLLsmiatm
0C8ZW7ezQVs4URX5aX7Kqx,5Pwc4xIPtQLFEnJriah9YJ
0C8ZW7ezQVs4URX5aX7Kqx,6Ad91Jof8Niiw0lGLLi3NW
5Pwc4xIPtQLFEnJriah9YJ,6Ad91Jof8Niiw0lGLLi3NW
64KEffDW9EtZ1y2vBYgq8T,4MCBfE4596Uoi2O4DtmEMz
6Xgp2XMz1fhVYe7i6yNAax,4MCBfE4596Uoi2O4DtmEMz
4MCBfE4596Uoi2O4DtmEMz,50co4Is1HCEo8bhOyUWKpn
4MCBfE4596Uoi2O4DtmEMz,2tIP7SsRs7vjIcLrU85W8J
4MCBfE4596Uoi2O4DtmEMz,5CiGnKThu5ctn9pBxv7DGa
4MCBfE4596Uoi2O4DtmEMz,64KEffDW9EtZ1y2vBYgq8T
2tIP7SsRs7vjIcLrU85W8J,4MCBfE4596Uoi2O4DtmEMz
1fctva4kpRbg2k3v7kwRuS,2R21vXR83lH98kGeO99Y66
1fctva4kpRbg2k3v7kwRuS,4MCBfE4596Uoi2O4DtmEMz
2R21vXR83lH98kGeO99Y66,4MCBfE4596Uoi2O4DtmEMz
1cNDP5yjU5vjeR8qMf4grg,4MCBfE4596Uoi2O4DtmEMz
4MCBfE4596Uoi2O4DtmEMz,7wlFDEWiM5OoIAt8RSli8b
0X2BH1fck6amBIoJhDVmmJ,4MCBfE4596Uoi2O4DtmEMz
5CiGnKThu5ctn9pBxv7DGa,4MCBfE4596Uoi2O4DtmEMz
0X2BH1fck6amBIoJhDVmmJ,4MCBfE4596Uoi2O4DtmEMz
0X2BH1fck6amBIoJhDVmmJ,6cEuCEZu7PAE9ZSzLLc2oQ
4MCBfE4596Uoi2O4DtmEMz,6cEuCEZu7PAE9ZSzLLc2oQ
0X2BH1fck6amBIoJhDVmmJ,4MCBfE4596Uoi2O4DtmEMz
26VFTg2z8YR0cCuwLzESi2,4MCBfE4596Uoi2O4DtmEMz
5CiGnKThu5ctn9pBxv7DGa,4MCBfE4596Uoi2O4DtmEMz
1RyvyyTE3xzB2ZywiAwp0i,4MCBfE4596Uoi2O4DtmEMz
6MPCFvOQv5cIGfw3jODMF0,6Xgp2XMz1fhVYe7i6yNAax
5QdEbQJ3ylBnc3gsIASAT5,23DYJsw4uSCguIqiTIDtcN
4gzpq5DPGxSnKTe4SA8HAU,0C8ZW7ezQVs4URX5aX7Kqx
4gzpq5DPGxSnKTe4SA8HAU,4AKwRarlmsUlLjIwt38NLw
0C8ZW7ezQVs4URX5aX7Kqx,4AKwRarlmsUlLjIwt38NLw
4gzpq5DPGxSnKTe4SA8HAU,0C8ZW7ezQVs4URX5aX7Kqx
4gzpq5DPGxSnKTe4SA8HAU,0C8ZW7ezQVs4URX5aX7Kqx
4gzpq5DPGxSnKTe4SA8HAU,0C8ZW7ezQVs4URX5aX7Kqx
4gzpq5DPGxSnKTe4SA8HAU,4gxmaAX3cWO9PUVmEYVAhd
4gzpq5DPGxSnKTe4SA8HAU,2o5jDhtHVPhrJdv3cEQ99Z
4gzpq5DPGxSnKTe4SA8HAU,28j8lBWDdDSHSSt5oPlsX2
4gzpq5DPGxSnKTe4SA8HAU,69GGBxA162lTqCwzJG5jLp
69GGBxA162lTqCwzJG5jLp,4gzpq5DPGxSnKTe4SA8HAU
69GGBxA162lTqCwzJG5jLp,4gzpq5DPGxSnKTe4SA8HAU
4gzpq5DPGxSnKTe4SA8HAU,5Dyfxq0ZrFjjeFBdSNxDbo
4gzpq5DPGxSnKTe4SA8HAU,5iNrZmtVMtYev5M9yoWpEq
4gzpq5DPGxSnKTe4SA8HAU,7yxi31szvlbwvKq9dYOmFI
4gzpq5DPGxSnKTe4SA8HAU,5pKCCKE2ajJHZ9KAiaK11H
4gzpq5DPGxSnKTe4SA8HAU,5pKCCKE2ajJHZ9KAiaK11H
0E3J0i5uNBBv4rZ4YZsNGJ,64zmJKblcm6W8MA6k42QIK
7CajNmpbOovFoOoasH2HaY,6M2wZ9GZgrQXHCFfjv46we
7CajNmpbOovFoOoasH2HaY,50co4Is1HCEo8bhOyUWKpn
6M2wZ9GZgrQXHCFfjv46we,50co4Is1HCEo8bhOyUWKpn
181bsRPaVXVlUKXrxwZfHK,6M2wZ9GZgrQXHCFfjv46we
181bsRPaVXVlUKXrxwZfHK,1Cs0zKBU1kc0i8ypK3B9ai
6M2wZ9GZgrQXHCFfjv46we,1Cs0zKBU1kc0i8ypK3B9ai
181bsRPaVXVlUKXrxwZfHK,6M2wZ9GZgrQXHCFfjv46we
6M2wZ9GZgrQXHCFfjv46we,6JaOGIlSvYswVLPmGUheOO
3PhoLpVuITZKcymswpck5b,6M2wZ9GZgrQXHCFfjv46we
3PhoLpVuITZKcymswpck5b,6M2wZ9GZgrQXHCFfjv46we
3PhoLpVuITZKcymswpck5b,4mncDFjVLUa3s025Tct3Ry
6M2wZ9GZgrQXHCFfjv46we,4mncDFjVLUa3s025Tct3Ry
6M2wZ9GZgrQXHCFfjv46we,5rGrDvrLOV2VV8SCFVGWlj
3PhoLpVuITZKcymswpck5b,6M2wZ9GZgrQXHCFfjv46we
3PhoLpVuITZKcymswpck5b,7bZGP9ijvv55LOENT634Mj
6M2wZ9GZgrQXHCFfjv46we,7bZGP9ijvv55LOENT634Mj
3PhoLpVuITZKcymswpck5b,6M2wZ9GZgrQXHCFfjv46we
3PhoLpVuITZKcymswpck5b,4TvhRzxIL1le2PWCeUqxQw
6M2wZ9GZgrQXHCFfjv46we,4TvhRzxIL1le2PWCeUqxQw
3PhoLpVuITZKcymswpck5b,6M2wZ9GZgrQXHCFfjv46we
3PhoLpVuITZKcymswpck5b,6n28c9qs9hNGriNa72b26u
6M2wZ9GZgrQXHCFfjv46we,6n28c9qs9hNGriNa72b26u
6M2wZ9GZgrQXHCFfjv46we,5R3Hr2cnCCjt220Jmt2xLf
6M2wZ9GZgrQXHCFfjv46we,5R3Hr2cnCCjt220Jmt2xLf
6M2wZ9GZgrQXHCFfjv46we,76fuWYgIf3TVIopTs3vaJ6
4RVnAU35WRWra6OZ3CbbMA,6M2wZ9GZgrQXHCFfjv46we
6M2wZ9GZgrQXHCFfjv46we,76fuWYgIf3TVIopTs3vaJ6
5YGY8feqx7naU7z4HrwZM6,6M2wZ9GZgrQXHCFfjv46we
5YGY8feqx7naU7z4HrwZM6,4Q6nIcaBED8qUel8bBx6Cr
6M2wZ9GZgrQXHCFfjv46we,4Q6nIcaBED8qUel8bBx6Cr
6M2wZ9GZgrQXHCFfjv46we,3QVolfxko2UyCOtexhVTli
6M2wZ9GZgrQXHCFfjv46we,5KnoVkIUGmK0PiDKMjz2LM
3QVolfxko2UyCOtexhVTli,5KnoVkIUGmK0PiDKMjz2LM
6M2wZ9GZgrQXHCFfjv46we,3QVolfxko2UyCOtexhVTli
6M2wZ9GZgrQXHCFfjv46we,5KnoVkIUGmK0PiDKMjz2LM
3QVolfxko2UyCOtexhVTli,5KnoVkIUGmK0PiDKMjz2LM
6M2wZ9GZgrQXHCFfjv46we,3QVolfxko2UyCOtexhVTli
6M2wZ9GZgrQXHCFfjv46we,3QFiymmbJlVBPpnrOatEAk
3QVolfxko2UyCOtexhVTli,3QFiymmbJlVBPpnrOatEAk
6M2wZ9GZgrQXHCFfjv46we,3QVolfxko2UyCOtexhVTli
6M2wZ9GZgrQXHCFfjv46we,3QFiymmbJlVBPpnrOatEAk
3QVolfxko2UyCOtexhVTli,3QFiymmbJlVBPpnrOatEAk
6M2wZ9GZgrQXHCFfjv46we,3QVolfxko2UyCOtexhVTli
6M2wZ9GZgrQXHCFfjv46we,6owH8F2INpb18PhnISiVh2
3QVolfxko2UyCOtexhVTli,6owH8F2INpb18PhnISiVh2
6M2wZ9GZgrQXHCFfjv46we,3QVolfxko2UyCOtexhVTli
6M2wZ9GZgrQXHCFfjv46we,6owH8F2INpb18PhnISiVh2
3QVolfxko2UyCOtexhVTli,6owH8F2INpb18PhnISiVh2
4RVnAU35WRWra6OZ3CbbMA,6M2wZ9GZgrQXHCFfjv46we
6M2wZ9GZgrQXHCFfjv46we,3QVolfxko2UyCOtexhVTli
6M2wZ9GZgrQXHCFfjv46we,6fFcUOFcbjeIuEomuUthkw
3QVolfxko2UyCOtexhVTli,6fFcUOFcbjeIuEomuUthkw
6M2wZ9GZgrQXHCFfjv46we,3QVolfxko2UyCOtexhVTli
6M2wZ9GZgrQXHCFfjv46we,6fFcUOFcbjeIuEomuUthkw
3QVolfxko2UyCOtexhVTli,6fFcUOFcbjeIuEomuUthkw
6M2wZ9GZgrQXHCFfjv46we,1l2ekx5skC4gJH8djERwh1
6M2wZ9GZgrQXHCFfjv46we,6TGsaPbyXTM7FAeHi68yp7
6M2wZ9GZgrQXHCFfjv46we,3QVolfxko2UyCOtexhVTli
6M2wZ9GZgrQXHCFfjv46we,3QVolfxko2UyCOtexhVTli
6M2wZ9GZgrQXHCFfjv46we,4r63FhuTkUYltbVAg5TQnk
6M2wZ9GZgrQXHCFfjv46we,4TvhRzxIL1le2PWCeUqxQw
6M2wZ9GZgrQXHCFfjv46we,1S2S00lgLYLGHWA44qGEUs
6M2wZ9GZgrQXHCFfjv46we,0u6h31HopxUAum6iOTVL17
6M2wZ9GZgrQXHCFfjv46we,0u6h31HopxUAum6iOTVL17
6M2wZ9GZgrQXHCFfjv46we,6pohviZSNRueSX7uNu63ZX
6M2wZ9GZgrQXHCFfjv46we,3NKVm2Jedcf6ibJr6pMUVx
6M2wZ9GZgrQXHCFfjv46we,6qgnBH6iDM91ipVXv28OMu
6M2wZ9GZgrQXHCFfjv46we,2RqrWplViWHSGLzlhmDcbt
6M2wZ9GZgrQXHCFfjv46we,380fnmlGnkyueBMqGWx2k5
6M2wZ9GZgrQXHCFfjv46we,0dRiUTGvNV17AMIULRYsvn
6M2wZ9GZgrQXHCFfjv46we,4CA8PTrbq1l5IgyvBA2JSV
6M2wZ9GZgrQXHCFfjv46we,5MnToV7aAt2Zy9ag3DAsna
6M2wZ9GZgrQXHCFfjv46we,4yiQZ8tQPux8cPriYMWUFP
6M2wZ9GZgrQXHCFfjv46we,3hv9jJF3adDNsBSIQDqcjp
4yiQZ8tQPux8cPriYMWUFP,3hv9jJF3adDNsBSIQDqcjp
6M2wZ9GZgrQXHCFfjv46we,5Fkj0k7EPUhIsESSIEA9f1
6M2wZ9GZgrQXHCFfjv46we,1YFLNH4rO40x9i16RpLwdY
6M2wZ9GZgrQXHCFfjv46we,4SINYGzldpKMExpCjseS9o
6M2wZ9GZgrQXHCFfjv46we,4TvhRzxIL1le2PWCeUqxQw
6M2wZ9GZgrQXHCFfjv46we,75nC6MXUalYZSOd7OfNkwq
6M2wZ9GZgrQXHCFfjv46we,4CA8PTrbq1l5IgyvBA2JSV
6M2wZ9GZgrQXHCFfjv46we,3cIXmCH7iNcslTbwrwS7zy
6M2wZ9GZgrQXHCFfjv46we,4jGpKAmwvU263l0tUh4xKU
6M2wZ9GZgrQXHCFfjv46we,4Q6nIcaBED8qUel8bBx6Cr
6M2wZ9GZgrQXHCFfjv46we,0NGAZxHanS9e0iNHpR8f2W
1Bl6wpkWCQ4KVgnASpvzzA,6M2wZ9GZgrQXHCFfjv46we
6M2wZ9GZgrQXHCFfjv46we,7bmYpVgQub656uNTu6qGNQ
6M2wZ9GZgrQXHCFfjv46we,4ofCBoyEiGSePFAG500xev
6M2wZ9GZgrQXHCFfjv46we,41MozSoPIsD1dJM0CLPjZF
2X97ZAqRKRMYFIDqtvGgGc,6M2wZ9GZgrQXHCFfjv46we
7CajNmpbOovFoOoasH2HaY,6M2wZ9GZgrQXHCFfjv46we
7CajNmpbOovFoOoasH2HaY,6M2wZ9GZgrQXHCFfjv46we
67nwj3Y5sZQLl72VNUHEYE,738wLrAtLtCtFOLvQBXOXp
67nwj3Y5sZQLl72VNUHEYE,6M2wZ9GZgrQXHCFfjv46we
738wLrAtLtCtFOLvQBXOXp,6M2wZ9GZgrQXHCFfjv46we
6M2wZ9GZgrQXHCFfjv46we,11gWrKZMBsGQWmobv3oNfW
67nwj3Y5sZQLl72VNUHEYE,6M2wZ9GZgrQXHCFfjv46we
60d24wfXkVzDSfLS6hyCjZ,6M2wZ9GZgrQXHCFfjv46we
60d24wfXkVzDSfLS6hyCjZ,6M2wZ9GZgrQXHCFfjv46we
60d24wfXkVzDSfLS6hyCjZ,6M2wZ9GZgrQXHCFfjv46we
60d24wfXkVzDSfLS6hyCjZ,6M2wZ9GZgrQXHCFfjv46we
3Isy6kedDrgPYoTS1dazA9,6M2wZ9GZgrQXHCFfjv46we
6M2wZ9GZgrQXHCFfjv46we,4YXycRbyyAE0wozTk7QMEq
4RVnAU35WRWra6OZ3CbbMA,0YQmcNgfnoqxBMJ8dcw3Eh
2X97ZAqRKRMYFIDqtvGgGc,0ZSLz27xUnI816MMtYfLMI
2X97ZAqRKRMYFIDqtvGgGc,2nNEvsyPzLwKVZrfkwLpNK
53XhwfbYqKCa1cC15pYq2q,7ACEUD7UsmmXrnj4OLt8f9
53XhwfbYqKCa1cC15pYq2q,6U3ybJ9UHNKEdsH7ktGBZ7
53XhwfbYqKCa1cC15pYq2q,57nPqD7z62gDdq37US9XJR
6U3ybJ9UHNKEdsH7ktGBZ7,57nPqD7z62gDdq37US9XJR
53XhwfbYqKCa1cC15pYq2q,57nPqD7z62gDdq37US9XJR
53XhwfbYqKCa1cC15pYq2q,47mIJdHORyRerp4os813jD
57nPqD7z62gDdq37US9XJR,47mIJdHORyRerp4os813jD
53XhwfbYqKCa1cC15pYq2q,7vWC03wqXwUqjPON8hc1tz
23fqKkggKUBHNkbKtXEls4,53XhwfbYqKCa1cC15pYq2q
53XhwfbYqKCa1cC15pYq2q,6LuN9FCkKOj5PcnpouEgny
53XhwfbYqKCa1cC15pYq2q,6LuN9FCkKOj5PcnpouEgny
53XhwfbYqKCa1cC15pYq2q,2iihIjipKKOFSJfxrn3gcE
53XhwfbYqKCa1cC15pYq2q,7CqltXhCBv0seWSgUsJcPV
53XhwfbYqKCa1cC15pYq2q,0pCNk4D3E2xtszsm6hMsWr
53XhwfbYqKCa1cC15pYq2q,6TQj5BFPooTa08A7pk8AQ1
53XhwfbYqKCa1cC15pYq2q,7CqltXhCBv0seWSgUsJcPV
55Aa2cqylxrFIXC767Z865,137W8MRPWKqSmrBGDBFSop
55Aa2cqylxrFIXC767Z865,53XhwfbYqKCa1cC15pYq2q
137W8MRPWKqSmrBGDBFSop,53XhwfbYqKCa1cC15pYq2q
53XhwfbYqKCa1cC15pYq2q,7CqltXhCBv0seWSgUsJcPV
57nPqD7z62gDdq37US9XJR,47mIJdHORyRerp4os813jD
2kCcBybjl3SAtIcwdWpUe3,15UsOTVnJzReFVN1VCnxy4
5bCwYvvFvWOEXtO9W7p0Iv,15UsOTVnJzReFVN1VCnxy4
15UsOTVnJzReFVN1VCnxy4,3wyVrVrFCkukjdVIdirGVY
15UsOTVnJzReFVN1VCnxy4,1zNqQNIdeOUZHb8zbZRFMX
3wyVrVrFCkukjdVIdirGVY,1zNqQNIdeOUZHb8zbZRFMX
3TKCdsX8yNNoiC1gesn6or,15UsOTVnJzReFVN1VCnxy4
2IDLDx25HU1nQMKde4n61a,6f9bmfkqiYbhCtdAZsv7KI
2IDLDx25HU1nQMKde4n61a,15UsOTVnJzReFVN1VCnxy4
6f9bmfkqiYbhCtdAZsv7KI,15UsOTVnJzReFVN1VCnxy4
5gCRApTajqwbnHHPbr2Fpi,2dgvab6cG4EjguKF417fLS
6psGC2W0GluatAl50vOCL8,1U0fALdNJW0Pt3vfurzngZ
0EmeFodog0BfCgMzAIvKQp,1i8SpTcr7yvPOmcqrbnVXY
1i8SpTcr7yvPOmcqrbnVXY,5H1nN1SzW0qNeUEZvuXjAj
1i8SpTcr7yvPOmcqrbnVXY,2LRoIwlKmHjgvigdNGBHNo
1i8SpTcr7yvPOmcqrbnVXY,7vXDAI8JwjW531ouMGbfcp
1wZtkThiXbVNtj6hee6dz9,1i8SpTcr7yvPOmcqrbnVXY
1i8SpTcr7yvPOmcqrbnVXY,0GOx72r5AAEKRGQFn3xqXK
1i8SpTcr7yvPOmcqrbnVXY,6O9WquDfQTxGRZqZUXVEQx
0GOx72r5AAEKRGQFn3xqXK,6O9WquDfQTxGRZqZUXVEQx
1i8SpTcr7yvPOmcqrbnVXY,2p4aN0Uxkk3iT3HK0cJ2cJ
7Bb4i0RT3zaudzb8KvxTUQ,1i8SpTcr7yvPOmcqrbnVXY
5Y3MV9DZ0d87NnVm56qSY1,1i8SpTcr7yvPOmcqrbnVXY
3fZk3Gm5dN5v5yfYMQ04Bx,3E6xrwgnVfYCrCs0ePERDz
3fZk3Gm5dN5v5yfYMQ04Bx,1i8SpTcr7yvPOmcqrbnVXY
3E6xrwgnVfYCrCs0ePERDz,1i8SpTcr7yvPOmcqrbnVXY
1i8SpTcr7yvPOmcqrbnVXY,2NfSBtmWe7oPw1EmetJVso
1l7ZsJRRS8wlW3WfJfPfNS,1i8SpTcr7yvPOmcqrbnVXY
1U1el3k54VvEUzo3ybLPlM,1i8SpTcr7yvPOmcqrbnVXY
1i8SpTcr7yvPOmcqrbnVXY,06TVTkMAOR935MhkjX0i2A
540vIaP2JwjQb9dm3aArA4,1i8SpTcr7yvPOmcqrbnVXY
540vIaP2JwjQb9dm3aArA4,5L1lO4eRHmJ7a0Q6csE5cT
1i8SpTcr7yvPOmcqrbnVXY,5L1lO4eRHmJ7a0Q6csE5cT
1UjxAZqzphB1tsMb1aWBj0,1i8SpTcr7yvPOmcqrbnVXY
3E6xrwgnVfYCrCs0ePERDz,6nVcHLIgY5pE2YCl8ubca1
3E6xrwgnVfYCrCs0ePERDz,1i8SpTcr7yvPOmcqrbnVXY
6nVcHLIgY5pE2YCl8ubca1,1i8SpTcr7yvPOmcqrbnVXY
1i8SpTcr7yvPOmcqrbnVXY,4riOEaOW5hCeqomFDBk0aP
65jIUih0ZeTUJhSTRuYxpi,1i8SpTcr7yvPOmcqrbnVXY
6cNWiizYLCClZdnIvqU968,1i8SpTcr7yvPOmcqrbnVXY
6cNWiizYLCClZdnIvqU968,4az97MtWmBQ5Db3GfDh9j9
1i8SpTcr7yvPOmcqrbnVXY,4az97MtWmBQ5Db3GfDh9j9
1i8SpTcr7yvPOmcqrbnVXY,5CEmVm4SbLawlq7evC42i0
1i8SpTcr7yvPOmcqrbnVXY,4o0NtnL2m0lzZmEdRas1qv
7arQA31aZVS8yS6zUveWzb,2R21vXR83lH98kGeO99Y66
7arQA31aZVS8yS6zUveWzb,1i8SpTcr7yvPOmcqrbnVXY
2R21vXR83lH98kGeO99Y66,1i8SpTcr7yvPOmcqrbnVXY
790FomKkXshlbRYZFtlgla,1i8SpTcr7yvPOmcqrbnVXY
6cNWiizYLCClZdnIvqU968,1i8SpTcr7yvPOmcqrbnVXY
6cNWiizYLCClZdnIvqU968,0GgY7hjMoGDsX8ZDe2mwds
1i8SpTcr7yvPOmcqrbnVXY,0GgY7hjMoGDsX8ZDe2mwds
3E6xrwgnVfYCrCs0ePERDz,1i8SpTcr7yvPOmcqrbnVXY
3E6xrwgnVfYCrCs0ePERDz,0vR2qb8m9WHeZ5ByCbimq2
1i8SpTcr7yvPOmcqrbnVXY,0vR2qb8m9WHeZ5ByCbimq2
7oMRcCu0OYSCtCyS3P37iC,1i8SpTcr7yvPOmcqrbnVXY
7oMRcCu0OYSCtCyS3P37iC,3drqpTL4sQOckmAfF9i1wg
1i8SpTcr7yvPOmcqrbnVXY,3drqpTL4sQOckmAfF9i1wg
2zfwez4uxbP8NcFy3kaNLF,60d7XKY1qqY5cPnXOCVvo6
2zfwez4uxbP8NcFy3kaNLF,1i8SpTcr7yvPOmcqrbnVXY
60d7XKY1qqY5cPnXOCVvo6,1i8SpTcr7yvPOmcqrbnVXY
4obzFoKoKRHIphyHzJ35G3,1i8SpTcr7yvPOmcqrbnVXY
0n6sKrG0xKAf8xmdqeNGke,7vnithGAUscrk9Imtyr6Sd
0n6sKrG0xKAf8xmdqeNGke,1i8SpTcr7yvPOmcqrbnVXY
7vnithGAUscrk9Imtyr6Sd,1i8SpTcr7yvPOmcqrbnVXY
1i8SpTcr7yvPOmcqrbnVXY,28gNT5KBp7IjEOQoevXf9N
1i8SpTcr7yvPOmcqrbnVXY,3E6xrwgnVfYCrCs0ePERDz
1i8SpTcr7yvPOmcqrbnVXY,7iK8PXO48WeuP03g8YR51W
3E6xrwgnVfYCrCs0ePERDz,7iK8PXO48WeuP03g8YR51W
1i8SpTcr7yvPOmcqrbnVXY,790FomKkXshlbRYZFtlgla
1i8SpTcr7yvPOmcqrbnVXY,7iK8PXO48WeuP03g8YR51W
790FomKkXshlbRYZFtlgla,7iK8PXO48WeuP03g8YR51W
7oMRcCu0OYSCtCyS3P37iC,1i8SpTcr7yvPOmcqrbnVXY
7oMRcCu0OYSCtCyS3P37iC,35Btqnex8RxQg68iBRD16v
1i8SpTcr7yvPOmcqrbnVXY,35Btqnex8RxQg68iBRD16v
1i8SpTcr7yvPOmcqrbnVXY,3E6xrwgnVfYCrCs0ePERDz
6ieK9Ddas29reReO60on3o,1i8SpTcr7yvPOmcqrbnVXY
6ieK9Ddas29reReO60on3o,3E6xrwgnVfYCrCs0ePERDz
1i8SpTcr7yvPOmcqrbnVXY,3E6xrwgnVfYCrCs0ePERDz
2oQX8QiMXOyuqbcZEFsZfm,1SupJlEpv7RS2tPNRaHViT
2oQX8QiMXOyuqbcZEFsZfm,1i8SpTcr7yvPOmcqrbnVXY
1SupJlEpv7RS2tPNRaHViT,1i8SpTcr7yvPOmcqrbnVXY
1yxSLGMDHlW21z4YXirZDS,1i8SpTcr7yvPOmcqrbnVXY
1yxSLGMDHlW21z4YXirZDS,1OB278sOZVSFx5vXqYha83
1i8SpTcr7yvPOmcqrbnVXY,1OB278sOZVSFx5vXqYha83
1yxSLGMDHlW21z4YXirZDS,1i8SpTcr7yvPOmcqrbnVXY
1yxSLGMDHlW21z4YXirZDS,1OB278sOZVSFx5vXqYha83
1i8SpTcr7yvPOmcqrbnVXY,1OB278sOZVSFx5vXqYha83
4hadtPX6kKntrnA87Zdy01,1i8SpTcr7yvPOmcqrbnVXY
4hadtPX6kKntrnA87Zdy01,5LHRHt1k9lMyONurDHEdrp
1i8SpTcr7yvPOmcqrbnVXY,5LHRHt1k9lMyONurDHEdrp
4hadtPX6kKntrnA87Zdy01,1i8SpTcr7yvPOmcqrbnVXY
4hadtPX6kKntrnA87Zdy01,5SulO4l40qDuV9zUGLZx7n
1i8SpTcr7yvPOmcqrbnVXY,5SulO4l40qDuV9zUGLZx7n
7MFziD8uUUFIyDaBRMnJYm,1i8SpTcr7yvPOmcqrbnVXY
1yxSLGMDHlW21z4YXirZDS,1i8SpTcr7yvPOmcqrbnVXY
1yxSLGMDHlW21z4YXirZDS,1OB278sOZVSFx5vXqYha83
1i8SpTcr7yvPOmcqrbnVXY,1OB278sOZVSFx5vXqYha83
3Ia6QnB1tPR9bcgnmbL5FO,1i8SpTcr7yvPOmcqrbnVXY
3Ia6QnB1tPR9bcgnmbL5FO,7iK8PXO48WeuP03g8YR51W
1i8SpTcr7yvPOmcqrbnVXY,7iK8PXO48WeuP03g8YR51W
47MpMsUfWtgyIIBEFOr4FE,7iK8PXO48WeuP03g8YR51W
47MpMsUfWtgyIIBEFOr4FE,1i8SpTcr7yvPOmcqrbnVXY
7iK8PXO48WeuP03g8YR51W,1i8SpTcr7yvPOmcqrbnVXY
5LHRHt1k9lMyONurDHEdrp,1i8SpTcr7yvPOmcqrbnVXY
6nVcHLIgY5pE2YCl8ubca1,1i8SpTcr7yvPOmcqrbnVXY
329e4yvIujISKGKz1BZZbO,1i8SpTcr7yvPOmcqrbnVXY
329e4yvIujISKGKz1BZZbO,47MpMsUfWtgyIIBEFOr4FE
1i8SpTcr7yvPOmcqrbnVXY,47MpMsUfWtgyIIBEFOr4FE
77ziqFxp5gaInVrF2lj4ht,1i8SpTcr7yvPOmcqrbnVXY
0GM7qgcRCORpGnfcN2tCiB,2R21vXR83lH98kGeO99Y66
0GM7qgcRCORpGnfcN2tCiB,1i8SpTcr7yvPOmcqrbnVXY
2R21vXR83lH98kGeO99Y66,1i8SpTcr7yvPOmcqrbnVXY
7ltDVBr6mKbRvohxheJ9h1,1i8SpTcr7yvPOmcqrbnVXY
77ziqFxp5gaInVrF2lj4ht,1i8SpTcr7yvPOmcqrbnVXY
77ziqFxp5gaInVrF2lj4ht,2R21vXR83lH98kGeO99Y66
1i8SpTcr7yvPOmcqrbnVXY,2R21vXR83lH98kGeO99Y66
1i8SpTcr7yvPOmcqrbnVXY,7FNnA9vBm6EKceENgCGRMb
1i8SpTcr7yvPOmcqrbnVXY,2R21vXR83lH98kGeO99Y66
2iUbk5KhZYZt4CRvWbwb7S,1i8SpTcr7yvPOmcqrbnVXY
1SupJlEpv7RS2tPNRaHViT,1i8SpTcr7yvPOmcqrbnVXY
0tmwSHipWxN12fsoLcFU3B,1i8SpTcr7yvPOmcqrbnVXY
1i8SpTcr7yvPOmcqrbnVXY,3zdXxojrGhIyEgKvHABKim
540vIaP2JwjQb9dm3aArA4,0C8ZW7ezQVs4URX5aX7Kqx
540vIaP2JwjQb9dm3aArA4,1i8SpTcr7yvPOmcqrbnVXY
0C8ZW7ezQVs4URX5aX7Kqx,1i8SpTcr7yvPOmcqrbnVXY
00XhexlJEXQstHimpZN910,4VMYDCV2IEDYJArk749S6m
00XhexlJEXQstHimpZN910,1i8SpTcr7yvPOmcqrbnVXY
4VMYDCV2IEDYJArk749S6m,1i8SpTcr7yvPOmcqrbnVXY
4V8Sr092TqfHkfAA5fXXqG,1i8SpTcr7yvPOmcqrbnVXY
540vIaP2JwjQb9dm3aArA4,0C8ZW7ezQVs4URX5aX7Kqx
540vIaP2JwjQb9dm3aArA4,1i8SpTcr7yvPOmcqrbnVXY
0C8ZW7ezQVs4URX5aX7Kqx,1i8SpTcr7yvPOmcqrbnVXY
2LmcxBak1alK1bf7d1beTr,1i8SpTcr7yvPOmcqrbnVXY
2DlGxzQSjYe5N6G9nkYghR,1i8SpTcr7yvPOmcqrbnVXY
5SYAaCKEVYhN3RDSDKUTJn,5bWUlnPx9OYKsLiUJrhCA1
5SYAaCKEVYhN3RDSDKUTJn,1i8SpTcr7yvPOmcqrbnVXY
5bWUlnPx9OYKsLiUJrhCA1,1i8SpTcr7yvPOmcqrbnVXY
2ayNSoKPCRAfjp6hQ76hRu,1i8SpTcr7yvPOmcqrbnVXY
2jku7tDXc6XoB6MO2hFuqg,1i8SpTcr7yvPOmcqrbnVXY
1i8SpTcr7yvPOmcqrbnVXY,4SzD0wClEg9NKVJZbCRFqS
0qTZZWLzuD59Un5r1speHm,1i8SpTcr7yvPOmcqrbnVXY
0qTZZWLzuD59Un5r1speHm,00XhexlJEXQstHimpZN910
1i8SpTcr7yvPOmcqrbnVXY,00XhexlJEXQstHimpZN910
1i8SpTcr7yvPOmcqrbnVXY,5lwmRuXgjX8xIwlnauTZIP
32ktYZLtxxPKRuxZZefhRK,5rnugF74l7U6wHsG7zh56G
32ktYZLtxxPKRuxZZefhRK,1i8SpTcr7yvPOmcqrbnVXY
5rnugF74l7U6wHsG7zh56G,1i8SpTcr7yvPOmcqrbnVXY
1i8SpTcr7yvPOmcqrbnVXY,4VMYDCV2IEDYJArk749S6m
1i8SpTcr7yvPOmcqrbnVXY,2jSGzJw0ebJLu7OLVSOcBP
4VMYDCV2IEDYJArk749S6m,2jSGzJw0ebJLu7OLVSOcBP
6P4uOSrdyHqsyLDVcBYUry,1i8SpTcr7yvPOmcqrbnVXY
3EiLUeyEcA6fbRPSHkG5kb,4VMYDCV2IEDYJArk749S6m
3EiLUeyEcA6fbRPSHkG5kb,1i8SpTcr7yvPOmcqrbnVXY
4VMYDCV2IEDYJArk749S6m,1i8SpTcr7yvPOmcqrbnVXY
1GDbiv3spRmZ1XdM1jQbT7,1i8SpTcr7yvPOmcqrbnVXY
0eet2VBconGGtNYJ0CBgHu,1i8SpTcr7yvPOmcqrbnVXY
0eet2VBconGGtNYJ0CBgHu,0QEgflaxe34AiHVfGvoOur
1i8SpTcr7yvPOmcqrbnVXY,0QEgflaxe34AiHVfGvoOur
0OROVBEZCocg0FcgJpyBse,1i8SpTcr7yvPOmcqrbnVXY
3Ia6QnB1tPR9bcgnmbL5FO,1i8SpTcr7yvPOmcqrbnVXY
3Ia6QnB1tPR9bcgnmbL5FO,2R21vXR83lH98kGeO99Y66
1i8SpTcr7yvPOmcqrbnVXY,2R21vXR83lH98kGeO99Y66
1i8SpTcr7yvPOmcqrbnVXY,64aJYyrXljOodnUG6jvhRD
1i8SpTcr7yvPOmcqrbnVXY,2T1aUibqR2QC2sINIDQOAK
64aJYyrXljOodnUG6jvhRD,2T1aUibqR2QC2sINIDQOAK
07rO1bvFX82Ixrp9A2nyCm,1i8SpTcr7yvPOmcqrbnVXY
2R21vXR83lH98kGeO99Y66,1i8SpTcr7yvPOmcqrbnVXY
2R21vXR83lH98kGeO99Y66,3Ia6QnB1tPR9bcgnmbL5FO
1i8SpTcr7yvPOmcqrbnVXY,3Ia6QnB1tPR9bcgnmbL5FO
1i8SpTcr7yvPOmcqrbnVXY,65skAdklXLoOm2Klks0Hud
07rO1bvFX82Ixrp9A2nyCm,1i8SpTcr7yvPOmcqrbnVXY
790FomKkXshlbRYZFtlgla,1i8SpTcr7yvPOmcqrbnVXY
2wYOpkTJZGByNEOjEnSmoW,1i8SpTcr7yvPOmcqrbnVXY
2wYOpkTJZGByNEOjEnSmoW,00me4Ke1LsvMxt5kydlMyU
1i8SpTcr7yvPOmcqrbnVXY,00me4Ke1LsvMxt5kydlMyU
3YXpTiyVmYCfANOlnWv6vr,1i8SpTcr7yvPOmcqrbnVXY
6Zg4grHLEskbfQY6WUlwmZ,1i8SpTcr7yvPOmcqrbnVXY
2TKXzeZ7YJvmydXbKF2MJZ,4Fw6S1XIDNuw6dutII4SsZ
2TKXzeZ7YJvmydXbKF2MJZ,1i8SpTcr7yvPOmcqrbnVXY
4Fw6S1XIDNuw6dutII4SsZ,1i8SpTcr7yvPOmcqrbnVXY
6ieK9Ddas29reReO60on3o,3Wb38LDP3N4tkobValgE9D
6ieK9Ddas29reReO60on3o,12vb80Km0Ew53ABfJOepVz
3Wb38LDP3N4tkobValgE9D,12vb80Km0Ew53ABfJOepVz
3E6xrwgnVfYCrCs0ePERDz,0n6sKrG0xKAf8xmdqeNGke
0MGQZNEMaEICyku3cSDrnJ,5XaRUXHFbgs8LDoYzoPJ1R
0MGQZNEMaEICyku3cSDrnJ,7IbO8NvxclKsk7WTOZ42bv
5XaRUXHFbgs8LDoYzoPJ1R,7IbO8NvxclKsk7WTOZ42bv
0tR60pwxQ5WKjPxQcKoCQ7,1SupJlEpv7RS2tPNRaHViT
1tfhFc2Y8iplDKCteuXjCY,3NpG6SsHaQETkdQVZH6V1E
1tfhFc2Y8iplDKCteuXjCY,0UvglCoh34HxaRZP1DWhjY
3NpG6SsHaQETkdQVZH6V1E,0UvglCoh34HxaRZP1DWhjY
64aJYyrXljOodnUG6jvhRD,2T1aUibqR2QC2sINIDQOAK
64aJYyrXljOodnUG6jvhRD,3EiLUeyEcA6fbRPSHkG5kb
2T1aUibqR2QC2sINIDQOAK,3EiLUeyEcA6fbRPSHkG5kb
2qbEtwBVyobgpNP5KcHE9J,7qYeIN2r4H1kBvr0Gm9Iav
64aJYyrXljOodnUG6jvhRD,2T1aUibqR2QC2sINIDQOAK
64aJYyrXljOodnUG6jvhRD,3EiLUeyEcA6fbRPSHkG5kb
2T1aUibqR2QC2sINIDQOAK,3EiLUeyEcA6fbRPSHkG5kb
7gbmX8SsfjEjxDMzBi1ZOL,6LuN9FCkKOj5PcnpouEgny
64KEffDW9EtZ1y2vBYgq8T,6LuN9FCkKOj5PcnpouEgny
25u4wHJWxCA9vO0CzxAbK7,6LuN9FCkKOj5PcnpouEgny
64KEffDW9EtZ1y2vBYgq8T,6LuN9FCkKOj5PcnpouEgny
64KEffDW9EtZ1y2vBYgq8T,0NGAZxHanS9e0iNHpR8f2W
6LuN9FCkKOj5PcnpouEgny,0NGAZxHanS9e0iNHpR8f2W
64KEffDW9EtZ1y2vBYgq8T,6LuN9FCkKOj5PcnpouEgny
64KEffDW9EtZ1y2vBYgq8T,6LuN9FCkKOj5PcnpouEgny
64KEffDW9EtZ1y2vBYgq8T,0bUZrFj7rstq07E4iAJHgZ
6LuN9FCkKOj5PcnpouEgny,0bUZrFj7rstq07E4iAJHgZ
3DiDSECUqqY1AuBP8qtaIa,6LuN9FCkKOj5PcnpouEgny
3DiDSECUqqY1AuBP8qtaIa,5Vuvs6Py2JRU7WiFDVsI7J
6LuN9FCkKOj5PcnpouEgny,5Vuvs6Py2JRU7WiFDVsI7J
4iHNK0tOyZPYnBU7nGAgpQ,6LuN9FCkKOj5PcnpouEgny
4iHNK0tOyZPYnBU7nGAgpQ,4akybxRTGHJZ1DXjLhJ1qu
6LuN9FCkKOj5PcnpouEgny,4akybxRTGHJZ1DXjLhJ1qu
6LuN9FCkKOj5PcnpouEgny,4IVAbR2w4JJNJDDRFP3E83
6LuN9FCkKOj5PcnpouEgny,5Vuvs6Py2JRU7WiFDVsI7J
4IVAbR2w4JJNJDDRFP3E83,5Vuvs6Py2JRU7WiFDVsI7J
6LuN9FCkKOj5PcnpouEgny,1vaQ6v3pOFxAIrFoPrAcom
6LuN9FCkKOj5PcnpouEgny,6U3ybJ9UHNKEdsH7ktGBZ7
6LuN9FCkKOj5PcnpouEgny,4HzKw8XcD0piJmDrrPRCYk
4iHNK0tOyZPYnBU7nGAgpQ,6LuN9FCkKOj5PcnpouEgny
4iHNK0tOyZPYnBU7nGAgpQ,4akybxRTGHJZ1DXjLhJ1qu
6LuN9FCkKOj5PcnpouEgny,4akybxRTGHJZ1DXjLhJ1qu
45dkTj5sMRSjrmBSBeiHym,6LuN9FCkKOj5PcnpouEgny
4B3aifxHtpcKHuNi12lmSt,6LuN9FCkKOj5PcnpouEgny
3oSJ7TBVCWMDMiYjXNiCKE,1zNqQNIdeOUZHb8zbZRFMX
3oSJ7TBVCWMDMiYjXNiCKE,6LuN9FCkKOj5PcnpouEgny
1zNqQNIdeOUZHb8zbZRFMX,6LuN9FCkKOj5PcnpouEgny
63XBtGSEZINSyXylZxEUbv,6LuN9FCkKOj5PcnpouEgny
6LuN9FCkKOj5PcnpouEgny,57LYzLEk2LcFghVwuWbcuS
6LuN9FCkKOj5PcnpouEgny,6nS5roXSAGhTGr34W6n7Et
6LuN9FCkKOj5PcnpouEgny,0Y3agQaa6g2r0YmHPOO9rh
6nS5roXSAGhTGr34W6n7Et,0Y3agQaa6g2r0YmHPOO9rh
6LuN9FCkKOj5PcnpouEgny,6nS5roXSAGhTGr34W6n7Et
6teZ0Cu66TcznRNvuAUC87,6LuN9FCkKOj5PcnpouEgny
738wLrAtLtCtFOLvQBXOXp,6LuN9FCkKOj5PcnpouEgny
738wLrAtLtCtFOLvQBXOXp,4rojTfP5nRkmYpdSbWQgV4
6LuN9FCkKOj5PcnpouEgny,4rojTfP5nRkmYpdSbWQgV4
4IVAbR2w4JJNJDDRFP3E83,6LuN9FCkKOj5PcnpouEgny
4HzKw8XcD0piJmDrrPRCYk,6LuN9FCkKOj5PcnpouEgny
1KCSPY1glIKqW2TotWuXOR,6LuN9FCkKOj5PcnpouEgny
6LuN9FCkKOj5PcnpouEgny,181bsRPaVXVlUKXrxwZfHK
6LuN9FCkKOj5PcnpouEgny,6Ha4aES39QiVjR0L2lwuwq
181bsRPaVXVlUKXrxwZfHK,6Ha4aES39QiVjR0L2lwuwq
6LuN9FCkKOj5PcnpouEgny,61ipISvUVa5LkJlKZnm3Oo
6LuN9FCkKOj5PcnpouEgny,1iwseab2dozTUHoF5taAdf
6LuN9FCkKOj5PcnpouEgny,3bnpcWBcvlfq4hPFJjNPbz
6LuN9FCkKOj5PcnpouEgny,6nS5roXSAGhTGr34W6n7Et
6LuN9FCkKOj5PcnpouEgny,6nS5roXSAGhTGr34W6n7Et
6LuN9FCkKOj5PcnpouEgny,3oSJ7TBVCWMDMiYjXNiCKE
5CiGnKThu5ctn9pBxv7DGa,26VFTg2z8YR0cCuwLzESi2
5CiGnKThu5ctn9pBxv7DGa,6LuN9FCkKOj5PcnpouEgny
26VFTg2z8YR0cCuwLzESi2,6LuN9FCkKOj5PcnpouEgny
5CiGnKThu5ctn9pBxv7DGa,26VFTg2z8YR0cCuwLzESi2
5CiGnKThu5ctn9pBxv7DGa,6LuN9FCkKOj5PcnpouEgny
26VFTg2z8YR0cCuwLzESi2,6LuN9FCkKOj5PcnpouEgny
6LuN9FCkKOj5PcnpouEgny,7c0XG5cIJTrrAgEC3ULPiq
6LuN9FCkKOj5PcnpouEgny,4IVAbR2w4JJNJDDRFP3E83
7c0XG5cIJTrrAgEC3ULPiq,4IVAbR2w4JJNJDDRFP3E83
60d24wfXkVzDSfLS6hyCjZ,6LuN9FCkKOj5PcnpouEgny
6LuN9FCkKOj5PcnpouEgny,3Y7RZ31TRPVadSFVy1o8os
7n2wHs1TKAczGzO7Dd2rGr,6LuN9FCkKOj5PcnpouEgny
6LuN9FCkKOj5PcnpouEgny,4IVAbR2w4JJNJDDRFP3E83
6LuN9FCkKOj5PcnpouEgny,7c0XG5cIJTrrAgEC3ULPiq
4IVAbR2w4JJNJDDRFP3E83,7c0XG5cIJTrrAgEC3ULPiq
1LzWWI9v4UKdbBgz8fqi15,6LuN9FCkKOj5PcnpouEgny
0orEyXhG0KnPEDVgpctNJI,6LuN9FCkKOj5PcnpouEgny
0orEyXhG0KnPEDVgpctNJI,6CxZzQFUTM6AzgluGwtq5w
6LuN9FCkKOj5PcnpouEgny,6CxZzQFUTM6AzgluGwtq5w
6LuN9FCkKOj5PcnpouEgny,2cWZOOzeOm4WmBJRnD5R7I
6LuN9FCkKOj5PcnpouEgny,2cWZOOzeOm4WmBJRnD5R7I
6LuN9FCkKOj5PcnpouEgny,1sBkRIssrMs1AbVkOJbc7a
2cWZOOzeOm4WmBJRnD5R7I,1sBkRIssrMs1AbVkOJbc7a
6LuN9FCkKOj5PcnpouEgny,2cWZOOzeOm4WmBJRnD5R7I
6LuN9FCkKOj5PcnpouEgny,2FwJwEswyIUAljqgjNSHgP
2cWZOOzeOm4WmBJRnD5R7I,2FwJwEswyIUAljqgjNSHgP
64KEffDW9EtZ1y2vBYgq8T,6LuN9FCkKOj5PcnpouEgny
64KEffDW9EtZ1y2vBYgq8T,2nuKjZLgc7II6FO4Rxjt5e
6LuN9FCkKOj5PcnpouEgny,2nuKjZLgc7II6FO4Rxjt5e
64KEffDW9EtZ1y2vBYgq8T,6LuN9FCkKOj5PcnpouEgny
64KEffDW9EtZ1y2vBYgq8T,32E18qvPvppVQ22FCERDnl
6LuN9FCkKOj5PcnpouEgny,32E18qvPvppVQ22FCERDnl
64KEffDW9EtZ1y2vBYgq8T,6LuN9FCkKOj5PcnpouEgny
64KEffDW9EtZ1y2vBYgq8T,6LuN9FCkKOj5PcnpouEgny
64KEffDW9EtZ1y2vBYgq8T,45eNHdiiabvmbp4erw26rg
6LuN9FCkKOj5PcnpouEgny,45eNHdiiabvmbp4erw26rg
64KEffDW9EtZ1y2vBYgq8T,6LuN9FCkKOj5PcnpouEgny
64KEffDW9EtZ1y2vBYgq8T,5t8tQRTRMQFxAPCiYMR694
6LuN9FCkKOj5PcnpouEgny,5t8tQRTRMQFxAPCiYMR694
64KEffDW9EtZ1y2vBYgq8T,6LuN9FCkKOj5PcnpouEgny
64KEffDW9EtZ1y2vBYgq8T,41rVuRHYAiH7ltBTHVR9We
6LuN9FCkKOj5PcnpouEgny,41rVuRHYAiH7ltBTHVR9We
0orEyXhG0KnPEDVgpctNJI,6LuN9FCkKOj5PcnpouEgny
0orEyXhG0KnPEDVgpctNJI,5QuBVnBPEzwYvFrgBbwpmU
6LuN9FCkKOj5PcnpouEgny,5QuBVnBPEzwYvFrgBbwpmU
64KEffDW9EtZ1y2vBYgq8T,6LuN9FCkKOj5PcnpouEgny
45dkTj5sMRSjrmBSBeiHym,7vWC03wqXwUqjPON8hc1tz
6hfwwpXqZPRC9CsKI7qtv1,2IjiuEObrCKyZvSb8xLxG9
60d24wfXkVzDSfLS6hyCjZ,1Cs0zKBU1kc0i8ypK3B9ai
60d24wfXkVzDSfLS6hyCjZ,1l2ekx5skC4gJH8djERwh1
1RyvyyTE3xzB2ZywiAwp0i,55Aa2cqylxrFIXC767Z865
4xRYI6VqpkE3UwrDrAZL8L,0UWZUmn7sybxMCqrw9tGa7
6hfwwpXqZPRC9CsKI7qtv1,6cEuCEZu7PAE9ZSzLLc2oQ
2HPaUgqeutzr3jx5a9WyDV,5pKCCKE2ajJHZ9KAiaK11H
5wPoxI5si3eJsYYwyXV4Wi,5pKCCKE2ajJHZ9KAiaK11H
5wPoxI5si3eJsYYwyXV4Wi,5pKCCKE2ajJHZ9KAiaK11H
7CajNmpbOovFoOoasH2HaY,5pKCCKE2ajJHZ9KAiaK11H
7CajNmpbOovFoOoasH2HaY,5pKCCKE2ajJHZ9KAiaK11H
5pKCCKE2ajJHZ9KAiaK11H,7CajNmpbOovFoOoasH2HaY
5pKCCKE2ajJHZ9KAiaK11H,7CajNmpbOovFoOoasH2HaY
1CqW2UkLsaZvByLwkOaNsH,6tqyrFHONJPKV3RMVr2iKm
0QHgL1lAIqAw0HtD7YldmP,62vbsDRAq0qHdezaCOzB0T
0QHgL1lAIqAw0HtD7YldmP,5jAMCwdNHWr7JThxtMuEyy
0QHgL1lAIqAw0HtD7YldmP,1vWImodgVqIgTUkekGEfR9
0QHgL1lAIqAw0HtD7YldmP,0HUVKb4z6JicOGlIpibvF0
0QHgL1lAIqAw0HtD7YldmP,1rD5sYyBmIRLKmaHylKVlF
6tt0iYnpHERj05WATWRiom,04gDigrS5kc9YWfZHwBETP
6tt0iYnpHERj05WATWRiom,3MdXrJWsbVzdn6fe5JYkSQ
04gDigrS5kc9YWfZHwBETP,3MdXrJWsbVzdn6fe5JYkSQ
04gDigrS5kc9YWfZHwBETP,181bsRPaVXVlUKXrxwZfHK
04gDigrS5kc9YWfZHwBETP,62DmErcU7dqZbJaDqwsqzR
04gDigrS5kc9YWfZHwBETP,1VBAKMui4zm5MnBWNn3NbL
04gDigrS5kc9YWfZHwBETP,7pylhrS9HpyWwbTtmEqg9K
04gDigrS5kc9YWfZHwBETP,3TaUSUXn41GixL7zbvrIDt
04gDigrS5kc9YWfZHwBETP,41rVuRHYAiH7ltBTHVR9We
04gDigrS5kc9YWfZHwBETP,4AVFqumd2ogHFlRbKIjp1t
07YZf4WDAMNwqr4jfgOZ8y,4bYPcJP5jwMhSivRcqie2n
23DYJsw4uSCguIqiTIDtcN,1RyvyyTE3xzB2ZywiAwp0i
23DYJsw4uSCguIqiTIDtcN,0Y5tJX1MQlPlqiwlOH1tJY
1RyvyyTE3xzB2ZywiAwp0i,0Y5tJX1MQlPlqiwlOH1tJY
4Gso3d4CscCijv0lmajZWs,0Y5tJX1MQlPlqiwlOH1tJY
5SXuuuRpukkTvsLuUknva1,0Y5tJX1MQlPlqiwlOH1tJY
0Y5tJX1MQlPlqiwlOH1tJY,2o08sCWF5yyo2G4DCiT7T9
0Y5tJX1MQlPlqiwlOH1tJY,1RyvyyTE3xzB2ZywiAwp0i
0Y5tJX1MQlPlqiwlOH1tJY,50co4Is1HCEo8bhOyUWKpn
1RyvyyTE3xzB2ZywiAwp0i,50co4Is1HCEo8bhOyUWKpn
0Y5tJX1MQlPlqiwlOH1tJY,50co4Is1HCEo8bhOyUWKpn
0Y5tJX1MQlPlqiwlOH1tJY,0QJIPDAEDILuo8AIq3pMuU
50co4Is1HCEo8bhOyUWKpn,0QJIPDAEDILuo8AIq3pMuU
7ltDVBr6mKbRvohxheJ9h1,0Y5tJX1MQlPlqiwlOH1tJY
2PaZWGu5T5nHjY2xxAkFsT,0Y5tJX1MQlPlqiwlOH1tJY
2PaZWGu5T5nHjY2xxAkFsT,0fA0VVWsXO9YnASrzqfmYu
0Y5tJX1MQlPlqiwlOH1tJY,0fA0VVWsXO9YnASrzqfmYu
50co4Is1HCEo8bhOyUWKpn,2hlmm7s2ICUX0LVIhVFlZQ
50co4Is1HCEo8bhOyUWKpn,0Y5tJX1MQlPlqiwlOH1tJY
2hlmm7s2ICUX0LVIhVFlZQ,0Y5tJX1MQlPlqiwlOH1tJY
50co4Is1HCEo8bhOyUWKpn,6l3HvQ5sa6mXTsMTB19rO5
50co4Is1HCEo8bhOyUWKpn,0Y5tJX1MQlPlqiwlOH1tJY
6l3HvQ5sa6mXTsMTB19rO5,0Y5tJX1MQlPlqiwlOH1tJY
0Y5tJX1MQlPlqiwlOH1tJY,5he5w2lnU9x7JFhnwcekXX
6Xgp2XMz1fhVYe7i6yNAax,0Y5tJX1MQlPlqiwlOH1tJY
738wLrAtLtCtFOLvQBXOXp,0Y5tJX1MQlPlqiwlOH1tJY
738wLrAtLtCtFOLvQBXOXp,4nDoRrQiYLoBzwC5BhVJzF
0Y5tJX1MQlPlqiwlOH1tJY,4nDoRrQiYLoBzwC5BhVJzF
738wLrAtLtCtFOLvQBXOXp,0Y5tJX1MQlPlqiwlOH1tJY
738wLrAtLtCtFOLvQBXOXp,4nDoRrQiYLoBzwC5BhVJzF
0Y5tJX1MQlPlqiwlOH1tJY,4nDoRrQiYLoBzwC5BhVJzF
67nwj3Y5sZQLl72VNUHEYE,0Y5tJX1MQlPlqiwlOH1tJY
4O15NlyKLIASxsJ0PrXPfz,0VRj0yCOv2FXJNP47XQnx5
4O15NlyKLIASxsJ0PrXPfz,0Y5tJX1MQlPlqiwlOH1tJY
0VRj0yCOv2FXJNP47XQnx5,0Y5tJX1MQlPlqiwlOH1tJY
50co4Is1HCEo8bhOyUWKpn,0Y5tJX1MQlPlqiwlOH1tJY
0YinUQ50QDB7ZxSCLyQ40k,0Y5tJX1MQlPlqiwlOH1tJY
0YinUQ50QDB7ZxSCLyQ40k,0Y5tJX1MQlPlqiwlOH1tJY
0YinUQ50QDB7ZxSCLyQ40k,0Y5tJX1MQlPlqiwlOH1tJY
0YinUQ50QDB7ZxSCLyQ40k,0Y5tJX1MQlPlqiwlOH1tJY
0YinUQ50QDB7ZxSCLyQ40k,0Y5tJX1MQlPlqiwlOH1tJY
0YinUQ50QDB7ZxSCLyQ40k,0Y5tJX1MQlPlqiwlOH1tJY
0YinUQ50QDB7ZxSCLyQ40k,0Y5tJX1MQlPlqiwlOH1tJY
3TVXtAsR1Inumwj472S9r4,1URnnhqYAYcrqrcwql10ft
7rkW85dBwwrJtlHRDkJDAC,5f7VJjfbwm532GiveGC0ZK
5f7VJjfbwm532GiveGC0ZK,3hcs9uc56yIGFCSy9leWe7
7rkW85dBwwrJtlHRDkJDAC,2hlmm7s2ICUX0LVIhVFlZQ
0c173mlxpT3dSFRgMO8XPh,0iEtIxbK0KxaSlF7G42ZOp
1URnnhqYAYcrqrcwql10ft,4DdkRBBYG6Yk9Ka8tdJ9BW
1URnnhqYAYcrqrcwql10ft,0iEtIxbK0KxaSlF7G42ZOp
4DdkRBBYG6Yk9Ka8tdJ9BW,0iEtIxbK0KxaSlF7G42ZOp
738wLrAtLtCtFOLvQBXOXp,4D75GcNG95ebPtNvoNVXhz
3N7IW6UMPkhTwkte6BiQfp,3TaUSUXn41GixL7zbvrIDt
3N7IW6UMPkhTwkte6BiQfp,03ojdQidPtScdEq8KU2V9K
3TaUSUXn41GixL7zbvrIDt,03ojdQidPtScdEq8KU2V9K
4sTQVOfp9vEMCemLw50sbu,1Cs0zKBU1kc0i8ypK3B9ai
4sTQVOfp9vEMCemLw50sbu,7uMh23xWiuR7zsNkuNcm2G
1Cs0zKBU1kc0i8ypK3B9ai,7uMh23xWiuR7zsNkuNcm2G
1Cs0zKBU1kc0i8ypK3B9ai,19HFRWmRCl27kTk6LeqAO8
1Cs0zKBU1kc0i8ypK3B9ai,19HFRWmRCl27kTk6LeqAO8
1Cs0zKBU1kc0i8ypK3B9ai,5KKpBU5eC2tJDzf0wmlRp2
19HFRWmRCl27kTk6LeqAO8,5KKpBU5eC2tJDzf0wmlRp2
1Cs0zKBU1kc0i8ypK3B9ai,64M6ah0SkkRsnPGtGiRAbb
1Cs0zKBU1kc0i8ypK3B9ai,64M6ah0SkkRsnPGtGiRAbb
1Cs0zKBU1kc0i8ypK3B9ai,64M6ah0SkkRsnPGtGiRAbb
1Cs0zKBU1kc0i8ypK3B9ai,5ENS85nZShljwNgg4wFD7D
64M6ah0SkkRsnPGtGiRAbb,5ENS85nZShljwNgg4wFD7D
1Cs0zKBU1kc0i8ypK3B9ai,64M6ah0SkkRsnPGtGiRAbb
1Cs0zKBU1kc0i8ypK3B9ai,7odWcvukhtSCQY2pBN7YT0
64M6ah0SkkRsnPGtGiRAbb,7odWcvukhtSCQY2pBN7YT0
1Cs0zKBU1kc0i8ypK3B9ai,64M6ah0SkkRsnPGtGiRAbb
1Cs0zKBU1kc0i8ypK3B9ai,5nki7yRhxgM509M5ADlN1p
64M6ah0SkkRsnPGtGiRAbb,5nki7yRhxgM509M5ADlN1p
1Cs0zKBU1kc0i8ypK3B9ai,64M6ah0SkkRsnPGtGiRAbb
1Cs0zKBU1kc0i8ypK3B9ai,6cEuCEZu7PAE9ZSzLLc2oQ
64M6ah0SkkRsnPGtGiRAbb,6cEuCEZu7PAE9ZSzLLc2oQ
1Cs0zKBU1kc0i8ypK3B9ai,64M6ah0SkkRsnPGtGiRAbb
1Cs0zKBU1kc0i8ypK3B9ai,2SmOLrnE9libwkEVUAWbRb
64M6ah0SkkRsnPGtGiRAbb,2SmOLrnE9libwkEVUAWbRb
1Cs0zKBU1kc0i8ypK3B9ai,64M6ah0SkkRsnPGtGiRAbb
1Cs0zKBU1kc0i8ypK3B9ai,24kY0bUku58QhWv5WFFXaf
64M6ah0SkkRsnPGtGiRAbb,24kY0bUku58QhWv5WFFXaf
1Cs0zKBU1kc0i8ypK3B9ai,19HFRWmRCl27kTk6LeqAO8
3BkRu2TGd2I1uBxZKddfg1,1Cs0zKBU1kc0i8ypK3B9ai
3BkRu2TGd2I1uBxZKddfg1,0Dc2rdPzleezxhvQhQbXuS
1Cs0zKBU1kc0i8ypK3B9ai,0Dc2rdPzleezxhvQhQbXuS
1IueXOQyABrMOprrzwQJWN,1Cs0zKBU1kc0i8ypK3B9ai
1IueXOQyABrMOprrzwQJWN,1rvnJJghrxl1xakJZct08m
1Cs0zKBU1kc0i8ypK3B9ai,1rvnJJghrxl1xakJZct08m
1Cs0zKBU1kc0i8ypK3B9ai,64M6ah0SkkRsnPGtGiRAbb
1Cs0zKBU1kc0i8ypK3B9ai,64M6ah0SkkRsnPGtGiRAbb
1Cs0zKBU1kc0i8ypK3B9ai,64M6ah0SkkRsnPGtGiRAbb
1Cs0zKBU1kc0i8ypK3B9ai,4Wjf8diP59VmPG7fi4y724
64M6ah0SkkRsnPGtGiRAbb,4Wjf8diP59VmPG7fi4y724
26OmQHradZrF0CS7DrgWDH,1Cs0zKBU1kc0i8ypK3B9ai
26OmQHradZrF0CS7DrgWDH,0u6GtibW46tFX7koQ6uNJZ
1Cs0zKBU1kc0i8ypK3B9ai,0u6GtibW46tFX7koQ6uNJZ
1Cs0zKBU1kc0i8ypK3B9ai,64M6ah0SkkRsnPGtGiRAbb
1IueXOQyABrMOprrzwQJWN,1Cs0zKBU1kc0i8ypK3B9ai
1IueXOQyABrMOprrzwQJWN,1rvnJJghrxl1xakJZct08m
1Cs0zKBU1kc0i8ypK3B9ai,1rvnJJghrxl1xakJZct08m
1yxSLGMDHlW21z4YXirZDS,329e4yvIujISKGKz1BZZbO
1yxSLGMDHlW21z4YXirZDS,1Cs0zKBU1kc0i8ypK3B9ai
329e4yvIujISKGKz1BZZbO,1Cs0zKBU1kc0i8ypK3B9ai
1Cs0zKBU1kc0i8ypK3B9ai,64M6ah0SkkRsnPGtGiRAbb
1yxSLGMDHlW21z4YXirZDS,1Cs0zKBU1kc0i8ypK3B9ai
1yxSLGMDHlW21z4YXirZDS,1Cs0zKBU1kc0i8ypK3B9ai
1yxSLGMDHlW21z4YXirZDS,1pmwwNA38kkkJwEMWe8hLD
1Cs0zKBU1kc0i8ypK3B9ai,1pmwwNA38kkkJwEMWe8hLD
1yxSLGMDHlW21z4YXirZDS,1Cs0zKBU1kc0i8ypK3B9ai
1yxSLGMDHlW21z4YXirZDS,4cdyqaBREB68H77QKCrKP1
1Cs0zKBU1kc0i8ypK3B9ai,4cdyqaBREB68H77QKCrKP1
1yxSLGMDHlW21z4YXirZDS,1Cs0zKBU1kc0i8ypK3B9ai
1yxSLGMDHlW21z4YXirZDS,7w1eTNePApzDk8XtgykCPS
1Cs0zKBU1kc0i8ypK3B9ai,7w1eTNePApzDk8XtgykCPS
1Cs0zKBU1kc0i8ypK3B9ai,4Ws2otunReOa6BbwxxpCt6
26OmQHradZrF0CS7DrgWDH,1Cs0zKBU1kc0i8ypK3B9ai
26OmQHradZrF0CS7DrgWDH,2f1gRV8q7Wua3x7dkoWrbS
1Cs0zKBU1kc0i8ypK3B9ai,2f1gRV8q7Wua3x7dkoWrbS
0HxX6imltnNXJyQhu4nsiO,1Cs0zKBU1kc0i8ypK3B9ai
0HxX6imltnNXJyQhu4nsiO,03MVmfitJTVJIxYmObhQn9
1Cs0zKBU1kc0i8ypK3B9ai,03MVmfitJTVJIxYmObhQn9
26OmQHradZrF0CS7DrgWDH,1Cs0zKBU1kc0i8ypK3B9ai
26OmQHradZrF0CS7DrgWDH,1Cs0zKBU1kc0i8ypK3B9ai
1Cs0zKBU1kc0i8ypK3B9ai,43BxCL6t4c73BQnIJtry5v
1Cs0zKBU1kc0i8ypK3B9ai,4EPJlUEBy49EX1wuFOvtjK
1Cs0zKBU1kc0i8ypK3B9ai,7nDsS0l5ZAzMedVRKPP8F1
4EPJlUEBy49EX1wuFOvtjK,7nDsS0l5ZAzMedVRKPP8F1
1Cs0zKBU1kc0i8ypK3B9ai,4EPJlUEBy49EX1wuFOvtjK
1Cs0zKBU1kc0i8ypK3B9ai,7nDsS0l5ZAzMedVRKPP8F1
4EPJlUEBy49EX1wuFOvtjK,7nDsS0l5ZAzMedVRKPP8F1
1Cs0zKBU1kc0i8ypK3B9ai,7nDsS0l5ZAzMedVRKPP8F1
1Cs0zKBU1kc0i8ypK3B9ai,37czgDRfGMvgRiUKHvnnhj
7nDsS0l5ZAzMedVRKPP8F1,37czgDRfGMvgRiUKHvnnhj
2HkAI0YrEcgoR8QdaURqhO,1Cs0zKBU1kc0i8ypK3B9ai
2HkAI0YrEcgoR8QdaURqhO,40xbWSB4JPdOkRyuTDy1oP
1Cs0zKBU1kc0i8ypK3B9ai,40xbWSB4JPdOkRyuTDy1oP
2HkAI0YrEcgoR8QdaURqhO,1Cs0zKBU1kc0i8ypK3B9ai
2HkAI0YrEcgoR8QdaURqhO,40xbWSB4JPdOkRyuTDy1oP
1Cs0zKBU1kc0i8ypK3B9ai,40xbWSB4JPdOkRyuTDy1oP
1yxSLGMDHlW21z4YXirZDS,0EmeFodog0BfCgMzAIvKQp
1yxSLGMDHlW21z4YXirZDS,1Cs0zKBU1kc0i8ypK3B9ai
0EmeFodog0BfCgMzAIvKQp,1Cs0zKBU1kc0i8ypK3B9ai
1Cs0zKBU1kc0i8ypK3B9ai,7nDsS0l5ZAzMedVRKPP8F1
1Cs0zKBU1kc0i8ypK3B9ai,27YdXZOMLqvxI2pB5GyqyY
7nDsS0l5ZAzMedVRKPP8F1,27YdXZOMLqvxI2pB5GyqyY
1yxSLGMDHlW21z4YXirZDS,0EmeFodog0BfCgMzAIvKQp
1yxSLGMDHlW21z4YXirZDS,1Cs0zKBU1kc0i8ypK3B9ai
0EmeFodog0BfCgMzAIvKQp,1Cs0zKBU1kc0i8ypK3B9ai
0UF7XLthtbSF2Eur7559oV,1Cs0zKBU1kc0i8ypK3B9ai
0UF7XLthtbSF2Eur7559oV,1Cs0zKBU1kc0i8ypK3B9ai
1Cs0zKBU1kc0i8ypK3B9ai,4D75GcNG95ebPtNvoNVXhz
1Cs0zKBU1kc0i8ypK3B9ai,4Wjf8diP59VmPG7fi4y724
4D75GcNG95ebPtNvoNVXhz,4Wjf8diP59VmPG7fi4y724
1Cs0zKBU1kc0i8ypK3B9ai,4D75GcNG95ebPtNvoNVXhz
1Cs0zKBU1kc0i8ypK3B9ai,4Wjf8diP59VmPG7fi4y724
4D75GcNG95ebPtNvoNVXhz,4Wjf8diP59VmPG7fi4y724
1Cs0zKBU1kc0i8ypK3B9ai,4EPJlUEBy49EX1wuFOvtjK
1Cs0zKBU1kc0i8ypK3B9ai,7nDsS0l5ZAzMedVRKPP8F1
4EPJlUEBy49EX1wuFOvtjK,7nDsS0l5ZAzMedVRKPP8F1
6DgP9otnZw5z6daOntINxp,1Cs0zKBU1kc0i8ypK3B9ai
6DgP9otnZw5z6daOntINxp,0bUZrFj7rstq07E4iAJHgZ
1Cs0zKBU1kc0i8ypK3B9ai,0bUZrFj7rstq07E4iAJHgZ
1Cs0zKBU1kc0i8ypK3B9ai,7nDsS0l5ZAzMedVRKPP8F1
1Cs0zKBU1kc0i8ypK3B9ai,5Wg2b4Mp42gicxEeDNawf7
7nDsS0l5ZAzMedVRKPP8F1,5Wg2b4Mp42gicxEeDNawf7
6DgP9otnZw5z6daOntINxp,1Cs0zKBU1kc0i8ypK3B9ai
3t5xRXzsuZmMDkQzgOX35S,1Cs0zKBU1kc0i8ypK3B9ai
6DgP9otnZw5z6daOntINxp,1Cs0zKBU1kc0i8ypK3B9ai
6DgP9otnZw5z6daOntINxp,61ipISvUVa5LkJlKZnm3Oo
1Cs0zKBU1kc0i8ypK3B9ai,61ipISvUVa5LkJlKZnm3Oo
1Cs0zKBU1kc0i8ypK3B9ai,4EPJlUEBy49EX1wuFOvtjK
1Cs0zKBU1kc0i8ypK3B9ai,7nDsS0l5ZAzMedVRKPP8F1
4EPJlUEBy49EX1wuFOvtjK,7nDsS0l5ZAzMedVRKPP8F1
4TWOviIGJMWH79dyovGkaX,4n7aqhk0RIdeWKkBxvhN72
4TWOviIGJMWH79dyovGkaX,1Cs0zKBU1kc0i8ypK3B9ai
4n7aqhk0RIdeWKkBxvhN72,1Cs0zKBU1kc0i8ypK3B9ai
6DgP9otnZw5z6daOntINxp,1Cs0zKBU1kc0i8ypK3B9ai
6DgP9otnZw5z6daOntINxp,1Cs0zKBU1kc0i8ypK3B9ai
6DgP9otnZw5z6daOntINxp,2dUjApyXX9UqIsFGzoHyhX
1Cs0zKBU1kc0i8ypK3B9ai,2dUjApyXX9UqIsFGzoHyhX
1Cs0zKBU1kc0i8ypK3B9ai,4EPJlUEBy49EX1wuFOvtjK
1Cs0zKBU1kc0i8ypK3B9ai,7nDsS0l5ZAzMedVRKPP8F1
4EPJlUEBy49EX1wuFOvtjK,7nDsS0l5ZAzMedVRKPP8F1
6DgP9otnZw5z6daOntINxp,1Cs0zKBU1kc0i8ypK3B9ai
6DgP9otnZw5z6daOntINxp,2EMAnMvWE2eb56ToJVfCWs
1Cs0zKBU1kc0i8ypK3B9ai,2EMAnMvWE2eb56ToJVfCWs
1Cs0zKBU1kc0i8ypK3B9ai,4D75GcNG95ebPtNvoNVXhz
1Cs0zKBU1kc0i8ypK3B9ai,4D75GcNG95ebPtNvoNVXhz
1Cs0zKBU1kc0i8ypK3B9ai,2wIVse2owClT7go1WT98tk
4D75GcNG95ebPtNvoNVXhz,2wIVse2owClT7go1WT98tk
1Cs0zKBU1kc0i8ypK3B9ai,4rC8J4M4aOqsQSCP4yoyJI
1Cs0zKBU1kc0i8ypK3B9ai,3QhNv79NoIvarU6N57GBzL
4rC8J4M4aOqsQSCP4yoyJI,3QhNv79NoIvarU6N57GBzL
46SHBwWsqBkxI7EeeBEQG7,1Cs0zKBU1kc0i8ypK3B9ai
1PnnRNGfichOAfPOn5mVyx,1Cs0zKBU1kc0i8ypK3B9ai
1PnnRNGfichOAfPOn5mVyx,3t5xRXzsuZmMDkQzgOX35S
1Cs0zKBU1kc0i8ypK3B9ai,3t5xRXzsuZmMDkQzgOX35S
1PnnRNGfichOAfPOn5mVyx,1Cs0zKBU1kc0i8ypK3B9ai
1PnnRNGfichOAfPOn5mVyx,3qi5fhSI6aUecvRN0XqIJ2
1Cs0zKBU1kc0i8ypK3B9ai,3qi5fhSI6aUecvRN0XqIJ2
1PnnRNGfichOAfPOn5mVyx,1Cs0zKBU1kc0i8ypK3B9ai
1Cs0zKBU1kc0i8ypK3B9ai,19HFRWmRCl27kTk6LeqAO8
5T4UKHhr4HGIC0VzdZQtAE,1Cs0zKBU1kc0i8ypK3B9ai
1Cs0zKBU1kc0i8ypK3B9ai,19HFRWmRCl27kTk6LeqAO8
1Cs0zKBU1kc0i8ypK3B9ai,4OGlp2UdUQGPJVbvJ82Cz5
19HFRWmRCl27kTk6LeqAO8,4OGlp2UdUQGPJVbvJ82Cz5
1Cs0zKBU1kc0i8ypK3B9ai,27m6NrJXMbLGlkoGBUy2IV
1Cs0zKBU1kc0i8ypK3B9ai,64M6ah0SkkRsnPGtGiRAbb
1Cs0zKBU1kc0i8ypK3B9ai,3iN9k8uvm4WrgdlOigOH8D
64M6ah0SkkRsnPGtGiRAbb,3iN9k8uvm4WrgdlOigOH8D
1Cs0zKBU1kc0i8ypK3B9ai,2zBy4hr2CXGCAiQFv38Xwf
1Cs0zKBU1kc0i8ypK3B9ai,64M6ah0SkkRsnPGtGiRAbb
1Cs0zKBU1kc0i8ypK3B9ai,7c0XG5cIJTrrAgEC3ULPiq
64M6ah0SkkRsnPGtGiRAbb,7c0XG5cIJTrrAgEC3ULPiq
1Cs0zKBU1kc0i8ypK3B9ai,0EqkKYDK9EkKY5N7zU3FPv
1Cs0zKBU1kc0i8ypK3B9ai,7c0XG5cIJTrrAgEC3ULPiq
0EqkKYDK9EkKY5N7zU3FPv,7c0XG5cIJTrrAgEC3ULPiq
1Cs0zKBU1kc0i8ypK3B9ai,4ywf1iH1ruKEcfpCgfJvyA
1Cs0zKBU1kc0i8ypK3B9ai,64M6ah0SkkRsnPGtGiRAbb
1Cs0zKBU1kc0i8ypK3B9ai,18006kpQI473m1ICcpimQ9
64M6ah0SkkRsnPGtGiRAbb,18006kpQI473m1ICcpimQ9
1Cs0zKBU1kc0i8ypK3B9ai,3zgnrYIltMkgeejmvMCnes
1Cs0zKBU1kc0i8ypK3B9ai,7c0XG5cIJTrrAgEC3ULPiq
3zgnrYIltMkgeejmvMCnes,7c0XG5cIJTrrAgEC3ULPiq
1Cs0zKBU1kc0i8ypK3B9ai,36JmeaPYkStxoKLqPmUNVE
1Cs0zKBU1kc0i8ypK3B9ai,7c0XG5cIJTrrAgEC3ULPiq
36JmeaPYkStxoKLqPmUNVE,7c0XG5cIJTrrAgEC3ULPiq
1Cs0zKBU1kc0i8ypK3B9ai,2YXlVLKq3X3soXd2aXUtIT
1Cs0zKBU1kc0i8ypK3B9ai,7c0XG5cIJTrrAgEC3ULPiq
2YXlVLKq3X3soXd2aXUtIT,7c0XG5cIJTrrAgEC3ULPiq
1Cs0zKBU1kc0i8ypK3B9ai,2Tg0aF5cbZktYFzgR1iAKv
1Cs0zKBU1kc0i8ypK3B9ai,7c0XG5cIJTrrAgEC3ULPiq
2Tg0aF5cbZktYFzgR1iAKv,7c0XG5cIJTrrAgEC3ULPiq
1Cs0zKBU1kc0i8ypK3B9ai,3pMYJHAY5ErzmJQVWb8VX6
1Cs0zKBU1kc0i8ypK3B9ai,7c0XG5cIJTrrAgEC3ULPiq
3pMYJHAY5ErzmJQVWb8VX6,7c0XG5cIJTrrAgEC3ULPiq
1Cs0zKBU1kc0i8ypK3B9ai,0haZhu4fFKt0Ag94kZDiz2
1Cs0zKBU1kc0i8ypK3B9ai,31W5EY0aAly4Qieq6OFu6I
0haZhu4fFKt0Ag94kZDiz2,31W5EY0aAly4Qieq6OFu6I
2zgFYHwSEYOc1KnldGsBXK,1Cs0zKBU1kc0i8ypK3B9ai
1Cs0zKBU1kc0i8ypK3B9ai,5R5EUMWsrYDt3ItavrP6C5
1Cs0zKBU1kc0i8ypK3B9ai,0JQ4vokBBqHxHzRb36fSWN
329e4yvIujISKGKz1BZZbO,1Cs0zKBU1kc0i8ypK3B9ai
329e4yvIujISKGKz1BZZbO,1Cs0zKBU1kc0i8ypK3B9ai
1Cs0zKBU1kc0i8ypK3B9ai,3qi5fhSI6aUecvRN0XqIJ2
1Cs0zKBU1kc0i8ypK3B9ai,34v5MVKeQnIo0CWYMbbrPf
3qi5fhSI6aUecvRN0XqIJ2,34v5MVKeQnIo0CWYMbbrPf
4D75GcNG95ebPtNvoNVXhz,1Cs0zKBU1kc0i8ypK3B9ai
4D75GcNG95ebPtNvoNVXhz,22bKgyDEmDgPhvSBYklJBe
1Cs0zKBU1kc0i8ypK3B9ai,22bKgyDEmDgPhvSBYklJBe
1Cs0zKBU1kc0i8ypK3B9ai,19HFRWmRCl27kTk6LeqAO8
1Cs0zKBU1kc0i8ypK3B9ai,37EUUUGKMLP6KSKrN9q39m
1Cs0zKBU1kc0i8ypK3B9ai,1QBvX7NCz57Jj3QZ30FR3J
37EUUUGKMLP6KSKrN9q39m,1QBvX7NCz57Jj3QZ30FR3J
1Cs0zKBU1kc0i8ypK3B9ai,3qi5fhSI6aUecvRN0XqIJ2
1Cs0zKBU1kc0i8ypK3B9ai,34v5MVKeQnIo0CWYMbbrPf
3qi5fhSI6aUecvRN0XqIJ2,34v5MVKeQnIo0CWYMbbrPf
4EPJlUEBy49EX1wuFOvtjK,1Cs0zKBU1kc0i8ypK3B9ai
4sTQVOfp9vEMCemLw50sbu,1Cs0zKBU1kc0i8ypK3B9ai
4sTQVOfp9vEMCemLw50sbu,6MDME20pz9RveH9rEXvrOM
1Cs0zKBU1kc0i8ypK3B9ai,6MDME20pz9RveH9rEXvrOM
1Cs0zKBU1kc0i8ypK3B9ai,3qi5fhSI6aUecvRN0XqIJ2
1Cs0zKBU1kc0i8ypK3B9ai,34v5MVKeQnIo0CWYMbbrPf
3qi5fhSI6aUecvRN0XqIJ2,34v5MVKeQnIo0CWYMbbrPf
4D75GcNG95ebPtNvoNVXhz,1Cs0zKBU1kc0i8ypK3B9ai
4D75GcNG95ebPtNvoNVXhz,3XINWZaloea97SIRiyTJxX
1Cs0zKBU1kc0i8ypK3B9ai,3XINWZaloea97SIRiyTJxX
4D75GcNG95ebPtNvoNVXhz,1Cs0zKBU1kc0i8ypK3B9ai
6DgP9otnZw5z6daOntINxp,5KKpBU5eC2tJDzf0wmlRp2
6DgP9otnZw5z6daOntINxp,1Cs0zKBU1kc0i8ypK3B9ai
5KKpBU5eC2tJDzf0wmlRp2,1Cs0zKBU1kc0i8ypK3B9ai
4EPJlUEBy49EX1wuFOvtjK,1Cs0zKBU1kc0i8ypK3B9ai
4sTQVOfp9vEMCemLw50sbu,1Cs0zKBU1kc0i8ypK3B9ai
4sTQVOfp9vEMCemLw50sbu,1KpCi9BOfviCVhmpI4G2sY
1Cs0zKBU1kc0i8ypK3B9ai,1KpCi9BOfviCVhmpI4G2sY
4D75GcNG95ebPtNvoNVXhz,1Cs0zKBU1kc0i8ypK3B9ai
4D75GcNG95ebPtNvoNVXhz,5ChF3i92IPZHduM7jN3dpg
1Cs0zKBU1kc0i8ypK3B9ai,5ChF3i92IPZHduM7jN3dpg
4D75GcNG95ebPtNvoNVXhz,1Cs0zKBU1kc0i8ypK3B9ai
1Cs0zKBU1kc0i8ypK3B9ai,3qi5fhSI6aUecvRN0XqIJ2
1Cs0zKBU1kc0i8ypK3B9ai,34v5MVKeQnIo0CWYMbbrPf
3qi5fhSI6aUecvRN0XqIJ2,34v5MVKeQnIo0CWYMbbrPf
4EPJlUEBy49EX1wuFOvtjK,1Cs0zKBU1kc0i8ypK3B9ai
6DgP9otnZw5z6daOntINxp,5KKpBU5eC2tJDzf0wmlRp2
6DgP9otnZw5z6daOntINxp,1Cs0zKBU1kc0i8ypK3B9ai
5KKpBU5eC2tJDzf0wmlRp2,1Cs0zKBU1kc0i8ypK3B9ai
2TcGJdSOiOvITBzhvfX8XB,1Cs0zKBU1kc0i8ypK3B9ai
1Cs0zKBU1kc0i8ypK3B9ai,19HFRWmRCl27kTk6LeqAO8
1Cs0zKBU1kc0i8ypK3B9ai,2auikkNYqigWStoHWK1Grq
19HFRWmRCl27kTk6LeqAO8,2auikkNYqigWStoHWK1Grq
523y9KSneKh6APd1hKxLuF,1Cs0zKBU1kc0i8ypK3B9ai
523y9KSneKh6APd1hKxLuF,0z4gvV4rjIZ9wHck67ucSV
1Cs0zKBU1kc0i8ypK3B9ai,0z4gvV4rjIZ9wHck67ucSV
4sTQVOfp9vEMCemLw50sbu,1Cs0zKBU1kc0i8ypK3B9ai
4sTQVOfp9vEMCemLw50sbu,3e7awlrlDSwF3iM0WBjGMp
1Cs0zKBU1kc0i8ypK3B9ai,3e7awlrlDSwF3iM0WBjGMp
6DgP9otnZw5z6daOntINxp,5KKpBU5eC2tJDzf0wmlRp2
6DgP9otnZw5z6daOntINxp,1Cs0zKBU1kc0i8ypK3B9ai
5KKpBU5eC2tJDzf0wmlRp2,1Cs0zKBU1kc0i8ypK3B9ai
6DgP9otnZw5z6daOntINxp,5KKpBU5eC2tJDzf0wmlRp2
6DgP9otnZw5z6daOntINxp,1Cs0zKBU1kc0i8ypK3B9ai
5KKpBU5eC2tJDzf0wmlRp2,1Cs0zKBU1kc0i8ypK3B9ai
4D75GcNG95ebPtNvoNVXhz,1Cs0zKBU1kc0i8ypK3B9ai
6DgP9otnZw5z6daOntINxp,5KKpBU5eC2tJDzf0wmlRp2
6DgP9otnZw5z6daOntINxp,1Cs0zKBU1kc0i8ypK3B9ai
5KKpBU5eC2tJDzf0wmlRp2,1Cs0zKBU1kc0i8ypK3B9ai
6DgP9otnZw5z6daOntINxp,5KKpBU5eC2tJDzf0wmlRp2
6DgP9otnZw5z6daOntINxp,1Cs0zKBU1kc0i8ypK3B9ai
5KKpBU5eC2tJDzf0wmlRp2,1Cs0zKBU1kc0i8ypK3B9ai
6DgP9otnZw5z6daOntINxp,5KKpBU5eC2tJDzf0wmlRp2
6DgP9otnZw5z6daOntINxp,1Cs0zKBU1kc0i8ypK3B9ai
5KKpBU5eC2tJDzf0wmlRp2,1Cs0zKBU1kc0i8ypK3B9ai
6DgP9otnZw5z6daOntINxp,5KKpBU5eC2tJDzf0wmlRp2
6DgP9otnZw5z6daOntINxp,1Cs0zKBU1kc0i8ypK3B9ai
5KKpBU5eC2tJDzf0wmlRp2,1Cs0zKBU1kc0i8ypK3B9ai
6DgP9otnZw5z6daOntINxp,5KKpBU5eC2tJDzf0wmlRp2
6DgP9otnZw5z6daOntINxp,1Cs0zKBU1kc0i8ypK3B9ai
5KKpBU5eC2tJDzf0wmlRp2,1Cs0zKBU1kc0i8ypK3B9ai
6DgP9otnZw5z6daOntINxp,5KKpBU5eC2tJDzf0wmlRp2
6DgP9otnZw5z6daOntINxp,1Cs0zKBU1kc0i8ypK3B9ai
5KKpBU5eC2tJDzf0wmlRp2,1Cs0zKBU1kc0i8ypK3B9ai
5CCwRZC6euC8Odo6y9X8jr,1Cs0zKBU1kc0i8ypK3B9ai
5CCwRZC6euC8Odo6y9X8jr,5rGrDvrLOV2VV8SCFVGWlj
1Cs0zKBU1kc0i8ypK3B9ai,5rGrDvrLOV2VV8SCFVGWlj
6DgP9otnZw5z6daOntINxp,5KKpBU5eC2tJDzf0wmlRp2
6DgP9otnZw5z6daOntINxp,1Cs0zKBU1kc0i8ypK3B9ai
5KKpBU5eC2tJDzf0wmlRp2,1Cs0zKBU1kc0i8ypK3B9ai
07YZf4WDAMNwqr4jfgOZ8y,4bYPcJP5jwMhSivRcqie2n
07YZf4WDAMNwqr4jfgOZ8y,1Cs0zKBU1kc0i8ypK3B9ai
4bYPcJP5jwMhSivRcqie2n,1Cs0zKBU1kc0i8ypK3B9ai
1Cs0zKBU1kc0i8ypK3B9ai,7oNtf1MwhHcyXRsYXE1WsG
5CCwRZC6euC8Odo6y9X8jr,1Cs0zKBU1kc0i8ypK3B9ai
5CCwRZC6euC8Odo6y9X8jr,5rGrDvrLOV2VV8SCFVGWlj
1Cs0zKBU1kc0i8ypK3B9ai,5rGrDvrLOV2VV8SCFVGWlj
5WUlDfRSoLAfcVSX1WnrxN,1Cs0zKBU1kc0i8ypK3B9ai
1Cs0zKBU1kc0i8ypK3B9ai,1pmwwNA38kkkJwEMWe8hLD
1Cs0zKBU1kc0i8ypK3B9ai,19HFRWmRCl27kTk6LeqAO8
1Cs0zKBU1kc0i8ypK3B9ai,5lhCycgJCjQIMpWNk4DycY
19HFRWmRCl27kTk6LeqAO8,5lhCycgJCjQIMpWNk4DycY
1Cs0zKBU1kc0i8ypK3B9ai,4Eoddnw0pOewmCHQYofuwh
1Cs0zKBU1kc0i8ypK3B9ai,28uJnu5EsrGml2tBd7y8ts
4Eoddnw0pOewmCHQYofuwh,28uJnu5EsrGml2tBd7y8ts
1Cs0zKBU1kc0i8ypK3B9ai,19HFRWmRCl27kTk6LeqAO8
1Cs0zKBU1kc0i8ypK3B9ai,0svmVqwlzmbBfwofH6uGbk
19HFRWmRCl27kTk6LeqAO8,0svmVqwlzmbBfwofH6uGbk
1Cs0zKBU1kc0i8ypK3B9ai,5WUlDfRSoLAfcVSX1WnrxN
1Cs0zKBU1kc0i8ypK3B9ai,3t5xRXzsuZmMDkQzgOX35S
5WUlDfRSoLAfcVSX1WnrxN,3t5xRXzsuZmMDkQzgOX35S
1Cs0zKBU1kc0i8ypK3B9ai,5WUlDfRSoLAfcVSX1WnrxN
1Cs0zKBU1kc0i8ypK3B9ai,1EAFXic0Cfiwpe7nSuTrGL
5WUlDfRSoLAfcVSX1WnrxN,1EAFXic0Cfiwpe7nSuTrGL
1Cs0zKBU1kc0i8ypK3B9ai,5WUlDfRSoLAfcVSX1WnrxN
1Cs0zKBU1kc0i8ypK3B9ai,19HFRWmRCl27kTk6LeqAO8
5WUlDfRSoLAfcVSX1WnrxN,19HFRWmRCl27kTk6LeqAO8
1Cs0zKBU1kc0i8ypK3B9ai,5WUlDfRSoLAfcVSX1WnrxN
1Cs0zKBU1kc0i8ypK3B9ai,19HFRWmRCl27kTk6LeqAO8
1Cs0zKBU1kc0i8ypK3B9ai,365Q4cNnnlsQErzPsUzyXY
1Cs0zKBU1kc0i8ypK3B9ai,19HFRWmRCl27kTk6LeqAO8
1Cs0zKBU1kc0i8ypK3B9ai,19HFRWmRCl27kTk6LeqAO8
1Cs0zKBU1kc0i8ypK3B9ai,19HFRWmRCl27kTk6LeqAO8
1Cs0zKBU1kc0i8ypK3B9ai,19HFRWmRCl27kTk6LeqAO8
1Cs0zKBU1kc0i8ypK3B9ai,19HFRWmRCl27kTk6LeqAO8
1Cs0zKBU1kc0i8ypK3B9ai,19HFRWmRCl27kTk6LeqAO8
1Cs0zKBU1kc0i8ypK3B9ai,19HFRWmRCl27kTk6LeqAO8
1Cs0zKBU1kc0i8ypK3B9ai,1bj5GrcLom5gZFF5t949Xl
1Cs0zKBU1kc0i8ypK3B9ai,4lu50np3LdTkRL09T7x8UP
1bj5GrcLom5gZFF5t949Xl,4lu50np3LdTkRL09T7x8UP
1Cs0zKBU1kc0i8ypK3B9ai,1bj5GrcLom5gZFF5t949Xl
1Cs0zKBU1kc0i8ypK3B9ai,4lu50np3LdTkRL09T7x8UP
1bj5GrcLom5gZFF5t949Xl,4lu50np3LdTkRL09T7x8UP
1Cs0zKBU1kc0i8ypK3B9ai,2gLZZdgHD8ZbSAB2qQkr3P
1Cs0zKBU1kc0i8ypK3B9ai,1bj5GrcLom5gZFF5t949Xl
1Cs0zKBU1kc0i8ypK3B9ai,4bXUaTjc7TQTvLqqCAlfYt
1bj5GrcLom5gZFF5t949Xl,4bXUaTjc7TQTvLqqCAlfYt
5ChF3i92IPZHduM7jN3dpg,1Cs0zKBU1kc0i8ypK3B9ai
1Cs0zKBU1kc0i8ypK3B9ai,1bj5GrcLom5gZFF5t949Xl
1Cs0zKBU1kc0i8ypK3B9ai,1l2ekx5skC4gJH8djERwh1
1bj5GrcLom5gZFF5t949Xl,1l2ekx5skC4gJH8djERwh1
1Cs0zKBU1kc0i8ypK3B9ai,1bj5GrcLom5gZFF5t949Xl
1Cs0zKBU1kc0i8ypK3B9ai,0iSYvHKAdhWVdZkS1PYK3u
1bj5GrcLom5gZFF5t949Xl,0iSYvHKAdhWVdZkS1PYK3u
1Cs0zKBU1kc0i8ypK3B9ai,1bj5GrcLom5gZFF5t949Xl
1Cs0zKBU1kc0i8ypK3B9ai,0iSYvHKAdhWVdZkS1PYK3u
1bj5GrcLom5gZFF5t949Xl,0iSYvHKAdhWVdZkS1PYK3u
1Cs0zKBU1kc0i8ypK3B9ai,1bj5GrcLom5gZFF5t949Xl
1Cs0zKBU1kc0i8ypK3B9ai,1bj5GrcLom5gZFF5t949Xl
1vCWHaC5f2uS3yhpwWbIA6,1Cs0zKBU1kc0i8ypK3B9ai
1vCWHaC5f2uS3yhpwWbIA6,19HFRWmRCl27kTk6LeqAO8
1Cs0zKBU1kc0i8ypK3B9ai,19HFRWmRCl27kTk6LeqAO8
1Cs0zKBU1kc0i8ypK3B9ai,19HFRWmRCl27kTk6LeqAO8
1Cs0zKBU1kc0i8ypK3B9ai,19HFRWmRCl27kTk6LeqAO8
1Cs0zKBU1kc0i8ypK3B9ai,0id62QV2SZZfvBn9xpmuCl
19HFRWmRCl27kTk6LeqAO8,0id62QV2SZZfvBn9xpmuCl
1Cs0zKBU1kc0i8ypK3B9ai,1bj5GrcLom5gZFF5t949Xl
1Cs0zKBU1kc0i8ypK3B9ai,1bj5GrcLom5gZFF5t949Xl
1Cs0zKBU1kc0i8ypK3B9ai,3h11MHQeCrcsUgRRijI1zL
1Cs0zKBU1kc0i8ypK3B9ai,3pZyDeGMNPAWHdFe2K4ud1
3h11MHQeCrcsUgRRijI1zL,3pZyDeGMNPAWHdFe2K4ud1
1Cs0zKBU1kc0i8ypK3B9ai,3h1aCZ3gZ4zIWxnsxcBrPD
1Cs0zKBU1kc0i8ypK3B9ai,3pZyDeGMNPAWHdFe2K4ud1
3h1aCZ3gZ4zIWxnsxcBrPD,3pZyDeGMNPAWHdFe2K4ud1
1Cs0zKBU1kc0i8ypK3B9ai,6cEuCEZu7PAE9ZSzLLc2oQ
1Cs0zKBU1kc0i8ypK3B9ai,1pmwwNA38kkkJwEMWe8hLD
1Cs0zKBU1kc0i8ypK3B9ai,5ChF3i92IPZHduM7jN3dpg
1Cs0zKBU1kc0i8ypK3B9ai,5KKpBU5eC2tJDzf0wmlRp2
1Cs0zKBU1kc0i8ypK3B9ai,7GMot9WvBYqhhJz92vhBp6
1Cs0zKBU1kc0i8ypK3B9ai,6nXmnBpdFvzImqLQb3HBa9
1Cs0zKBU1kc0i8ypK3B9ai,3cnAJv9gydgm52KFIsdvO8
1Cs0zKBU1kc0i8ypK3B9ai,201Hzoik31VdWqPl2sZVDY
1Cs0zKBU1kc0i8ypK3B9ai,3pZyDeGMNPAWHdFe2K4ud1
64M6ah0SkkRsnPGtGiRAbb,1Cs0zKBU1kc0i8ypK3B9ai
5ChF3i92IPZHduM7jN3dpg,1Cs0zKBU1kc0i8ypK3B9ai
1Cs0zKBU1kc0i8ypK3B9ai,0iSYvHKAdhWVdZkS1PYK3u
5ChF3i92IPZHduM7jN3dpg,1Cs0zKBU1kc0i8ypK3B9ai
1Cs0zKBU1kc0i8ypK3B9ai,4mHAu7NX2UNsnGXjviBD9e
1Cs0zKBU1kc0i8ypK3B9ai,00TKPo9MxwZ0j4ooveIxWZ
4mHAu7NX2UNsnGXjviBD9e,00TKPo9MxwZ0j4ooveIxWZ
1Cs0zKBU1kc0i8ypK3B9ai,4mHAu7NX2UNsnGXjviBD9e
1Cs0zKBU1kc0i8ypK3B9ai,00TKPo9MxwZ0j4ooveIxWZ
4mHAu7NX2UNsnGXjviBD9e,00TKPo9MxwZ0j4ooveIxWZ
6wMr4zKPrrR0UVz08WtUWc,1Cs0zKBU1kc0i8ypK3B9ai
1Cs0zKBU1kc0i8ypK3B9ai,4bSDNEzwduKWCdm0artLjw
1Cs0zKBU1kc0i8ypK3B9ai,3py0ZP9TslhIYvPfXyRCG7
4bSDNEzwduKWCdm0artLjw,3py0ZP9TslhIYvPfXyRCG7
07YZf4WDAMNwqr4jfgOZ8y,1Cs0zKBU1kc0i8ypK3B9ai
07YZf4WDAMNwqr4jfgOZ8y,6cEuCEZu7PAE9ZSzLLc2oQ
1Cs0zKBU1kc0i8ypK3B9ai,6cEuCEZu7PAE9ZSzLLc2oQ
6wMr4zKPrrR0UVz08WtUWc,1Cs0zKBU1kc0i8ypK3B9ai
6wMr4zKPrrR0UVz08WtUWc,3WtrH1zNpzoPSz6XpwCh6y
1Cs0zKBU1kc0i8ypK3B9ai,3WtrH1zNpzoPSz6XpwCh6y
720TBBCH2UnVxahToeQ0Tr,2qSEpijpT3YSXgxcXac1ly
720TBBCH2UnVxahToeQ0Tr,1Cs0zKBU1kc0i8ypK3B9ai
2qSEpijpT3YSXgxcXac1ly,1Cs0zKBU1kc0i8ypK3B9ai
5TgQ66WuWkoQ2xYxaSTnVP,1Cs0zKBU1kc0i8ypK3B9ai
1Cs0zKBU1kc0i8ypK3B9ai,2hNpOiBBvdArEJy7ACY4O1
1Cs0zKBU1kc0i8ypK3B9ai,5nki7yRhxgM509M5ADlN1p
6wMr4zKPrrR0UVz08WtUWc,1Cs0zKBU1kc0i8ypK3B9ai
6wMr4zKPrrR0UVz08WtUWc,1Cs0zKBU1kc0i8ypK3B9ai
6wMr4zKPrrR0UVz08WtUWc,3WtrH1zNpzoPSz6XpwCh6y
1Cs0zKBU1kc0i8ypK3B9ai,3WtrH1zNpzoPSz6XpwCh6y
07YZf4WDAMNwqr4jfgOZ8y,1Cs0zKBU1kc0i8ypK3B9ai
1Cs0zKBU1kc0i8ypK3B9ai,1zNqDE7qDGCsyzJwohVaoX
5gznATMVO85ZcLTkE9ULU7,1Cs0zKBU1kc0i8ypK3B9ai
5gznATMVO85ZcLTkE9ULU7,1Cs0zKBU1kc0i8ypK3B9ai
1Cs0zKBU1kc0i8ypK3B9ai,3gk0OYeLFWYupGFRHqLSR7
1Cs0zKBU1kc0i8ypK3B9ai,60d24wfXkVzDSfLS6hyCjZ
1Cs0zKBU1kc0i8ypK3B9ai,4mHAu7NX2UNsnGXjviBD9e
60d24wfXkVzDSfLS6hyCjZ,4mHAu7NX2UNsnGXjviBD9e
1Cs0zKBU1kc0i8ypK3B9ai,5WUlDfRSoLAfcVSX1WnrxN
1Cs0zKBU1kc0i8ypK3B9ai,5WUlDfRSoLAfcVSX1WnrxN
1Cs0zKBU1kc0i8ypK3B9ai,5WUlDfRSoLAfcVSX1WnrxN
3Isy6kedDrgPYoTS1dazA9,1Cs0zKBU1kc0i8ypK3B9ai
1Cs0zKBU1kc0i8ypK3B9ai,60d24wfXkVzDSfLS6hyCjZ
1Cs0zKBU1kc0i8ypK3B9ai,4mHAu7NX2UNsnGXjviBD9e
60d24wfXkVzDSfLS6hyCjZ,4mHAu7NX2UNsnGXjviBD9e
3Isy6kedDrgPYoTS1dazA9,1Cs0zKBU1kc0i8ypK3B9ai
3Isy6kedDrgPYoTS1dazA9,4obzFoKoKRHIphyHzJ35G3
1Cs0zKBU1kc0i8ypK3B9ai,4obzFoKoKRHIphyHzJ35G3
5WUlDfRSoLAfcVSX1WnrxN,1Cs0zKBU1kc0i8ypK3B9ai
5WUlDfRSoLAfcVSX1WnrxN,4D75GcNG95ebPtNvoNVXhz
1Cs0zKBU1kc0i8ypK3B9ai,4D75GcNG95ebPtNvoNVXhz
1Cs0zKBU1kc0i8ypK3B9ai,4D75GcNG95ebPtNvoNVXhz
1Cs0zKBU1kc0i8ypK3B9ai,32IXja3Y6CPvnAtTHD2bWg
4D75GcNG95ebPtNvoNVXhz,32IXja3Y6CPvnAtTHD2bWg
1Cs0zKBU1kc0i8ypK3B9ai,4D75GcNG95ebPtNvoNVXhz
1Cs0zKBU1kc0i8ypK3B9ai,2gLZZdgHD8ZbSAB2qQkr3P
4D75GcNG95ebPtNvoNVXhz,2gLZZdgHD8ZbSAB2qQkr3P
60d24wfXkVzDSfLS6hyCjZ,1Cs0zKBU1kc0i8ypK3B9ai
60d24wfXkVzDSfLS6hyCjZ,1Cs0zKBU1kc0i8ypK3B9ai
1Cs0zKBU1kc0i8ypK3B9ai,4D75GcNG95ebPtNvoNVXhz
60d24wfXkVzDSfLS6hyCjZ,1Cs0zKBU1kc0i8ypK3B9ai
1Cs0zKBU1kc0i8ypK3B9ai,4D75GcNG95ebPtNvoNVXhz
1Cs0zKBU1kc0i8ypK3B9ai,25uiPmTg16RbhZWAqwLBy5
4D75GcNG95ebPtNvoNVXhz,25uiPmTg16RbhZWAqwLBy5
73jBynjsVtofjRpdpRAJGk,1Cs0zKBU1kc0i8ypK3B9ai
73jBynjsVtofjRpdpRAJGk,1Cs0zKBU1kc0i8ypK3B9ai
73jBynjsVtofjRpdpRAJGk,1Cs0zKBU1kc0i8ypK3B9ai
73jBynjsVtofjRpdpRAJGk,6cEuCEZu7PAE9ZSzLLc2oQ
1Cs0zKBU1kc0i8ypK3B9ai,6cEuCEZu7PAE9ZSzLLc2oQ
1Cs0zKBU1kc0i8ypK3B9ai,2vVNxGBvKRQMWwI5c8KmYh
1Cs0zKBU1kc0i8ypK3B9ai,7zdTdaOThgiBTRrRMrua7X
1Cs0zKBU1kc0i8ypK3B9ai,4P0KP5wunIHTElWsbeCow2
4D75GcNG95ebPtNvoNVXhz,1Cs0zKBU1kc0i8ypK3B9ai
1Cs0zKBU1kc0i8ypK3B9ai,4D75GcNG95ebPtNvoNVXhz
4D75GcNG95ebPtNvoNVXhz,1Cs0zKBU1kc0i8ypK3B9ai
4D75GcNG95ebPtNvoNVXhz,3XINWZaloea97SIRiyTJxX
1Cs0zKBU1kc0i8ypK3B9ai,3XINWZaloea97SIRiyTJxX
73jBynjsVtofjRpdpRAJGk,1Cs0zKBU1kc0i8ypK3B9ai
73jBynjsVtofjRpdpRAJGk,2HkAI0YrEcgoR8QdaURqhO
1Cs0zKBU1kc0i8ypK3B9ai,2HkAI0YrEcgoR8QdaURqhO
1Cs0zKBU1kc0i8ypK3B9ai,19HFRWmRCl27kTk6LeqAO8
1Cs0zKBU1kc0i8ypK3B9ai,2gLZZdgHD8ZbSAB2qQkr3P
1Cs0zKBU1kc0i8ypK3B9ai,3t5xRXzsuZmMDkQzgOX35S
0du5cEVh5yTK9QJze8zA0C,1Cs0zKBU1kc0i8ypK3B9ai
6VuMaDnrHyPL1p4EHjYLi7,1Cs0zKBU1kc0i8ypK3B9ai
6VuMaDnrHyPL1p4EHjYLi7,4qBgvVog0wzW75IQ48mU7v
1Cs0zKBU1kc0i8ypK3B9ai,4qBgvVog0wzW75IQ48mU7v
1Cs0zKBU1kc0i8ypK3B9ai,4Wjf8diP59VmPG7fi4y724
4D75GcNG95ebPtNvoNVXhz,1Cs0zKBU1kc0i8ypK3B9ai
1Cs0zKBU1kc0i8ypK3B9ai,2vVNxGBvKRQMWwI5c8KmYh
3t5xRXzsuZmMDkQzgOX35S,1Cs0zKBU1kc0i8ypK3B9ai
3t5xRXzsuZmMDkQzgOX35S,7DMveApC7UnC2NPfPvlHSU
1Cs0zKBU1kc0i8ypK3B9ai,7DMveApC7UnC2NPfPvlHSU
3t5xRXzsuZmMDkQzgOX35S,1Cs0zKBU1kc0i8ypK3B9ai
3t5xRXzsuZmMDkQzgOX35S,7DMveApC7UnC2NPfPvlHSU
1Cs0zKBU1kc0i8ypK3B9ai,7DMveApC7UnC2NPfPvlHSU
3t5xRXzsuZmMDkQzgOX35S,1Cs0zKBU1kc0i8ypK3B9ai
3t5xRXzsuZmMDkQzgOX35S,7DMveApC7UnC2NPfPvlHSU
1Cs0zKBU1kc0i8ypK3B9ai,7DMveApC7UnC2NPfPvlHSU
1Cs0zKBU1kc0i8ypK3B9ai,4Wjf8diP59VmPG7fi4y724
1Cs0zKBU1kc0i8ypK3B9ai,2qSEpijpT3YSXgxcXac1ly
4Wjf8diP59VmPG7fi4y724,2qSEpijpT3YSXgxcXac1ly
3ScY9CQxNLQei8Umvpx5g6,39mHYiNmLR7p8PXNG8Wll6
3ScY9CQxNLQei8Umvpx5g6,1Cs0zKBU1kc0i8ypK3B9ai
39mHYiNmLR7p8PXNG8Wll6,1Cs0zKBU1kc0i8ypK3B9ai
5EehXjjMktLuJmbRsM7YfB,1Cs0zKBU1kc0i8ypK3B9ai
5EehXjjMktLuJmbRsM7YfB,1Cs0zKBU1kc0i8ypK3B9ai
1Cs0zKBU1kc0i8ypK3B9ai,3gk0OYeLFWYupGFRHqLSR7
1Cs0zKBU1kc0i8ypK3B9ai,2gLZZdgHD8ZbSAB2qQkr3P
1Cs0zKBU1kc0i8ypK3B9ai,66AE89GQTx88zLYhXn1wFK
1Cs0zKBU1kc0i8ypK3B9ai,66AE89GQTx88zLYhXn1wFK
1Cs0zKBU1kc0i8ypK3B9ai,1XGHs7YFtpCbDGKaNdPPtA
1Cs0zKBU1kc0i8ypK3B9ai,3gk0OYeLFWYupGFRHqLSR7
1Cs0zKBU1kc0i8ypK3B9ai,7HqEmV7FeCi16bQyHMpIrF
3gk0OYeLFWYupGFRHqLSR7,7HqEmV7FeCi16bQyHMpIrF
1Cs0zKBU1kc0i8ypK3B9ai,2gLZZdgHD8ZbSAB2qQkr3P
1Cs0zKBU1kc0i8ypK3B9ai,2gLZZdgHD8ZbSAB2qQkr3P
1Cs0zKBU1kc0i8ypK3B9ai,5ChF3i92IPZHduM7jN3dpg
7hJcb9fa4alzcOq3EaNPoG,1Cs0zKBU1kc0i8ypK3B9ai
7hJcb9fa4alzcOq3EaNPoG,1Cs0zKBU1kc0i8ypK3B9ai
1Cs0zKBU1kc0i8ypK3B9ai,2qSEpijpT3YSXgxcXac1ly
3AuMNF8rQAKOzjYppFNAoB,1Cs0zKBU1kc0i8ypK3B9ai
1Cs0zKBU1kc0i8ypK3B9ai,2qSEpijpT3YSXgxcXac1ly
1Cs0zKBU1kc0i8ypK3B9ai,2qSEpijpT3YSXgxcXac1ly
1Cs0zKBU1kc0i8ypK3B9ai,2iwhenp5euZtZLmtK6cgbe
2qSEpijpT3YSXgxcXac1ly,2iwhenp5euZtZLmtK6cgbe
1Cs0zKBU1kc0i8ypK3B9ai,2yWER4vAftcZCFPc7ednct
1Cs0zKBU1kc0i8ypK3B9ai,4BkIvyi9umuwJF21cLK3ku
2yWER4vAftcZCFPc7ednct,4BkIvyi9umuwJF21cLK3ku
1Cs0zKBU1kc0i8ypK3B9ai,2yWER4vAftcZCFPc7ednct
1Cs0zKBU1kc0i8ypK3B9ai,4FqPRilb0Ja0TKG3RS3y4s
1Cs0zKBU1kc0i8ypK3B9ai,4FqPRilb0Ja0TKG3RS3y4s
1Cs0zKBU1kc0i8ypK3B9ai,4EhiIwwMPecLznwn87sRw2
1Cs0zKBU1kc0i8ypK3B9ai,2qSEpijpT3YSXgxcXac1ly
4EhiIwwMPecLznwn87sRw2,2qSEpijpT3YSXgxcXac1ly
1Cs0zKBU1kc0i8ypK3B9ai,73nwTQUc9kA9vqGzGPsMkA
1Cs0zKBU1kc0i8ypK3B9ai,73nwTQUc9kA9vqGzGPsMkA
6TzJJN8gBLtOuwzii2Yhe7,5RKCVcnmcgyhFf85I4Ry9O
1IueXOQyABrMOprrzwQJWN,1rvnJJghrxl1xakJZct08m
1IueXOQyABrMOprrzwQJWN,0jX2bOqqUjhDwmyoFPSI6Z
1rvnJJghrxl1xakJZct08m,0jX2bOqqUjhDwmyoFPSI6Z
0M2CO5ijP35MDhNwvpgxTV,3nQthw8h6ExuXWB7E6c3PQ
1yxSLGMDHlW21z4YXirZDS,329e4yvIujISKGKz1BZZbO
1yxSLGMDHlW21z4YXirZDS,0EmeFodog0BfCgMzAIvKQp
329e4yvIujISKGKz1BZZbO,0EmeFodog0BfCgMzAIvKQp
26OmQHradZrF0CS7DrgWDH,6DgP9otnZw5z6daOntINxp
1PnnRNGfichOAfPOn5mVyx,5PoZtBo8xZKqPWlZrIDq82
6DgP9otnZw5z6daOntINxp,2EMAnMvWE2eb56ToJVfCWs
6DgP9otnZw5z6daOntINxp,1Naqgo0HMRoumRP0e2MXD9
2EMAnMvWE2eb56ToJVfCWs,1Naqgo0HMRoumRP0e2MXD9
4EPJlUEBy49EX1wuFOvtjK,66TrUkUZ3RM29dqeDQRgyA
5WUlDfRSoLAfcVSX1WnrxN,1jLOGxY81S3FNq29X3qvmj
5WUlDfRSoLAfcVSX1WnrxN,0Q7lBZA5qBXAvkSVS4Ytt7
5WUlDfRSoLAfcVSX1WnrxN,1jLOGxY81S3FNq29X3qvmj
5CCwRZC6euC8Odo6y9X8jr,5rGrDvrLOV2VV8SCFVGWlj
5CCwRZC6euC8Odo6y9X8jr,5rGrDvrLOV2VV8SCFVGWlj
5CCwRZC6euC8Odo6y9X8jr,5rGrDvrLOV2VV8SCFVGWlj
7KUri7klyLaIFXLcuuOMCd,6VoRokuki5Bj7BEB2gZ3BF
7CajNmpbOovFoOoasH2HaY,2wY79sveU1sp5g7SokKOiI
3Isy6kedDrgPYoTS1dazA9,7DMveApC7UnC2NPfPvlHSU
54MLmwXLwv8Uj5KTvIsFJa,65IQ0Z8U7rBm7f8cRbMQSR
0SfsnGyD8FpIN4U4WCkBZ5,6NXk2pLFocS2OkNdT7ncBt
301vGjucQzNu2vOwXoyWEp,6kz4gfxrI0aBWZWnQcvugP
0NKDgy9j66h3DLnN8qu1bB,5MspMQqdVbdwP6ax3GXqum
0NKDgy9j66h3DLnN8qu1bB,7gcCQIlkkfbul5Mt0jBQkg
5MspMQqdVbdwP6ax3GXqum,7gcCQIlkkfbul5Mt0jBQkg
0NKDgy9j66h3DLnN8qu1bB,5MspMQqdVbdwP6ax3GXqum
0NKDgy9j66h3DLnN8qu1bB,7gcCQIlkkfbul5Mt0jBQkg
5MspMQqdVbdwP6ax3GXqum,7gcCQIlkkfbul5Mt0jBQkg
7n2wHs1TKAczGzO7Dd2rGr,0GM7qgcRCORpGnfcN2tCiB
28gNT5KBp7IjEOQoevXf9N,7n2wHs1TKAczGzO7Dd2rGr
7n2wHs1TKAczGzO7Dd2rGr,4nDoRrQiYLoBzwC5BhVJzF
7n2wHs1TKAczGzO7Dd2rGr,4nDoRrQiYLoBzwC5BhVJzF
7n2wHs1TKAczGzO7Dd2rGr,2ZRQcIgzPCVaT9XKhXZIzh
7n2wHs1TKAczGzO7Dd2rGr,2qxJFvFYMEDqd7ui6kSAcq
7n2wHs1TKAczGzO7Dd2rGr,5jAMCwdNHWr7JThxtMuEyy
4J79AY6Z2927FTTAgHChuv,3xvaSlT4xsyk6lY1ESOspO
0du5cEVh5yTK9QJze8zA0C,3jK9MiCrA42lLAdMGUZpwa
0du5cEVh5yTK9QJze8zA0C,6PvvGcCY2XtUcSRld1Wilr
3jK9MiCrA42lLAdMGUZpwa,6PvvGcCY2XtUcSRld1Wilr
0du5cEVh5yTK9QJze8zA0C,3jK9MiCrA42lLAdMGUZpwa
0du5cEVh5yTK9QJze8zA0C,6PvvGcCY2XtUcSRld1Wilr
3jK9MiCrA42lLAdMGUZpwa,6PvvGcCY2XtUcSRld1Wilr
4kYSro6naA4h99UJvo89HB,0du5cEVh5yTK9QJze8zA0C
13y7CgLHjMVRMDqxdx0Xdo,0du5cEVh5yTK9QJze8zA0C
13y7CgLHjMVRMDqxdx0Xdo,46SHBwWsqBkxI7EeeBEQG7
0du5cEVh5yTK9QJze8zA0C,46SHBwWsqBkxI7EeeBEQG7
0du5cEVh5yTK9QJze8zA0C,4kYSro6naA4h99UJvo89HB
0du5cEVh5yTK9QJze8zA0C,43BxCL6t4c73BQnIJtry5v
4kYSro6naA4h99UJvo89HB,43BxCL6t4c73BQnIJtry5v
0du5cEVh5yTK9QJze8zA0C,6cEuCEZu7PAE9ZSzLLc2oQ
0du5cEVh5yTK9QJze8zA0C,13y7CgLHjMVRMDqxdx0Xdo
0du5cEVh5yTK9QJze8zA0C,7vk5e3vY1uw9plTHJAMwjN
0du5cEVh5yTK9QJze8zA0C,32IXja3Y6CPvnAtTHD2bWg
0du5cEVh5yTK9QJze8zA0C,2HPaUgqeutzr3jx5a9WyDV
7hJcb9fa4alzcOq3EaNPoG,137W8MRPWKqSmrBGDBFSop
7hJcb9fa4alzcOq3EaNPoG,137W8MRPWKqSmrBGDBFSop
1yxSLGMDHlW21z4YXirZDS,4VMYDCV2IEDYJArk749S6m
1GDbiv3spRmZ1XdM1jQbT7,4VMYDCV2IEDYJArk749S6m
1GDbiv3spRmZ1XdM1jQbT7,1wZtkThiXbVNtj6hee6dz9
4VMYDCV2IEDYJArk749S6m,1wZtkThiXbVNtj6hee6dz9
0zgbk1EdcU6tt6QUOnCC5o,4VMYDCV2IEDYJArk749S6m
0zgbk1EdcU6tt6QUOnCC5o,4VMYDCV2IEDYJArk749S6m
4VMYDCV2IEDYJArk749S6m,7iK8PXO48WeuP03g8YR51W
4VMYDCV2IEDYJArk749S6m,6nVcHLIgY5pE2YCl8ubca1
7iK8PXO48WeuP03g8YR51W,6nVcHLIgY5pE2YCl8ubca1
4VMYDCV2IEDYJArk749S6m,4wLXwxDeWQ8mtUIRPxGiD6
4VMYDCV2IEDYJArk749S6m,2R21vXR83lH98kGeO99Y66
4VMYDCV2IEDYJArk749S6m,1WMwuNKzEFtU6pPkdtryYS
2R21vXR83lH98kGeO99Y66,1WMwuNKzEFtU6pPkdtryYS
4VMYDCV2IEDYJArk749S6m,2R21vXR83lH98kGeO99Y66
4VMYDCV2IEDYJArk749S6m,1WMwuNKzEFtU6pPkdtryYS
2R21vXR83lH98kGeO99Y66,1WMwuNKzEFtU6pPkdtryYS
7MP4jhYmFEgb0AtiOkw55s,4VMYDCV2IEDYJArk749S6m
7MP4jhYmFEgb0AtiOkw55s,21451j1KhjAiaYKflxBjr1
4VMYDCV2IEDYJArk749S6m,21451j1KhjAiaYKflxBjr1
3VXwGdv0OXpHOg5rXtgso1,4VMYDCV2IEDYJArk749S6m
14zUHaJZo1mnYtn6IBRaRP,4VMYDCV2IEDYJArk749S6m
14zUHaJZo1mnYtn6IBRaRP,2oQX8QiMXOyuqbcZEFsZfm
4VMYDCV2IEDYJArk749S6m,2oQX8QiMXOyuqbcZEFsZfm
4VMYDCV2IEDYJArk749S6m,77ziqFxp5gaInVrF2lj4ht
1SupJlEpv7RS2tPNRaHViT,4VMYDCV2IEDYJArk749S6m
3VXwGdv0OXpHOg5rXtgso1,1ViM1nVwtJmRm5CSXyU0U9
3VXwGdv0OXpHOg5rXtgso1,4VMYDCV2IEDYJArk749S6m
1ViM1nVwtJmRm5CSXyU0U9,4VMYDCV2IEDYJArk749S6m
4VMYDCV2IEDYJArk749S6m,1wZtkThiXbVNtj6hee6dz9
07YUOmWljBTXwIseAUd9TW,4VMYDCV2IEDYJArk749S6m
07YUOmWljBTXwIseAUd9TW,1GDbiv3spRmZ1XdM1jQbT7
4VMYDCV2IEDYJArk749S6m,1GDbiv3spRmZ1XdM1jQbT7
0TnOYISbd1XYRBk9myaseg,4VMYDCV2IEDYJArk749S6m
0TnOYISbd1XYRBk9myaseg,1GDbiv3spRmZ1XdM1jQbT7
4VMYDCV2IEDYJArk749S6m,1GDbiv3spRmZ1XdM1jQbT7
4VMYDCV2IEDYJArk749S6m,6jJ0s89eD6GaHleKKya26X
4qwGe91Bz9K2T8jXTZ815W,4VMYDCV2IEDYJArk749S6m
4VMYDCV2IEDYJArk749S6m,2R21vXR83lH98kGeO99Y66
4qwGe91Bz9K2T8jXTZ815W,4VMYDCV2IEDYJArk749S6m
2jSGzJw0ebJLu7OLVSOcBP,1GDbiv3spRmZ1XdM1jQbT7
2jSGzJw0ebJLu7OLVSOcBP,4VMYDCV2IEDYJArk749S6m
1GDbiv3spRmZ1XdM1jQbT7,4VMYDCV2IEDYJArk749S6m
4qwGe91Bz9K2T8jXTZ815W,4VMYDCV2IEDYJArk749S6m
329e4yvIujISKGKz1BZZbO,4VMYDCV2IEDYJArk749S6m
329e4yvIujISKGKz1BZZbO,0z4gvV4rjIZ9wHck67ucSV
4VMYDCV2IEDYJArk749S6m,0z4gvV4rjIZ9wHck67ucSV
4cmSUhjO83qNmK2AvxKQ41,4VMYDCV2IEDYJArk749S6m
4qwGe91Bz9K2T8jXTZ815W,4VMYDCV2IEDYJArk749S6m
4cmSUhjO83qNmK2AvxKQ41,4VMYDCV2IEDYJArk749S6m
1GDbiv3spRmZ1XdM1jQbT7,4VMYDCV2IEDYJArk749S6m
4VMYDCV2IEDYJArk749S6m,3jFjgKOGfVLWfXX8q5wrsg
4VMYDCV2IEDYJArk749S6m,4SsVbpTthjScTS7U2hmr1X
3jFjgKOGfVLWfXX8q5wrsg,4SsVbpTthjScTS7U2hmr1X
6O9WquDfQTxGRZqZUXVEQx,4VMYDCV2IEDYJArk749S6m
6O9WquDfQTxGRZqZUXVEQx,6vXTefBL93Dj5IqAWq6OTv
4VMYDCV2IEDYJArk749S6m,6vXTefBL93Dj5IqAWq6OTv
6O9WquDfQTxGRZqZUXVEQx,4VMYDCV2IEDYJArk749S6m
6O9WquDfQTxGRZqZUXVEQx,6vXTefBL93Dj5IqAWq6OTv
4VMYDCV2IEDYJArk749S6m,6vXTefBL93Dj5IqAWq6OTv
6O9WquDfQTxGRZqZUXVEQx,4VMYDCV2IEDYJArk749S6m
6O9WquDfQTxGRZqZUXVEQx,6vXTefBL93Dj5IqAWq6OTv
4VMYDCV2IEDYJArk749S6m,6vXTefBL93Dj5IqAWq6OTv
77AiFEVeAVj2ORpC85QVJs,4VMYDCV2IEDYJArk749S6m
77AiFEVeAVj2ORpC85QVJs,7MP4jhYmFEgb0AtiOkw55s
4VMYDCV2IEDYJArk749S6m,7MP4jhYmFEgb0AtiOkw55s
77AiFEVeAVj2ORpC85QVJs,4VMYDCV2IEDYJArk749S6m
77AiFEVeAVj2ORpC85QVJs,7MP4jhYmFEgb0AtiOkw55s
4VMYDCV2IEDYJArk749S6m,7MP4jhYmFEgb0AtiOkw55s
77AiFEVeAVj2ORpC85QVJs,7MP4jhYmFEgb0AtiOkw55s
77AiFEVeAVj2ORpC85QVJs,4VMYDCV2IEDYJArk749S6m
7MP4jhYmFEgb0AtiOkw55s,4VMYDCV2IEDYJArk749S6m
6O9WquDfQTxGRZqZUXVEQx,4VMYDCV2IEDYJArk749S6m
6O9WquDfQTxGRZqZUXVEQx,6vXTefBL93Dj5IqAWq6OTv
4VMYDCV2IEDYJArk749S6m,6vXTefBL93Dj5IqAWq6OTv
4VMYDCV2IEDYJArk749S6m,1GDbiv3spRmZ1XdM1jQbT7
4nDoRrQiYLoBzwC5BhVJzF,4VMYDCV2IEDYJArk749S6m
6O9WquDfQTxGRZqZUXVEQx,4VMYDCV2IEDYJArk749S6m
6O9WquDfQTxGRZqZUXVEQx,6vXTefBL93Dj5IqAWq6OTv
4VMYDCV2IEDYJArk749S6m,6vXTefBL93Dj5IqAWq6OTv
5sK8BsvyDl4TFA6KaBf8or,4VMYDCV2IEDYJArk749S6m
4V8Sr092TqfHkfAA5fXXqG,4VMYDCV2IEDYJArk749S6m
4V8Sr092TqfHkfAA5fXXqG,4VMYDCV2IEDYJArk749S6m
00XhexlJEXQstHimpZN910,4VMYDCV2IEDYJArk749S6m
00XhexlJEXQstHimpZN910,1SupJlEpv7RS2tPNRaHViT
4VMYDCV2IEDYJArk749S6m,1SupJlEpv7RS2tPNRaHViT
4V8Sr092TqfHkfAA5fXXqG,4VMYDCV2IEDYJArk749S6m
4VMYDCV2IEDYJArk749S6m,1SupJlEpv7RS2tPNRaHViT
4VMYDCV2IEDYJArk749S6m,2jSGzJw0ebJLu7OLVSOcBP
1SupJlEpv7RS2tPNRaHViT,2jSGzJw0ebJLu7OLVSOcBP
5sK8BsvyDl4TFA6KaBf8or,4VMYDCV2IEDYJArk749S6m
7MP4jhYmFEgb0AtiOkw55s,4VMYDCV2IEDYJArk749S6m
7MP4jhYmFEgb0AtiOkw55s,4VMYDCV2IEDYJArk749S6m
3IEvQoAohcGX7CdrbtIle7,4VMYDCV2IEDYJArk749S6m
4VMYDCV2IEDYJArk749S6m,33ScadVnbm2X8kkUqOkC6Z
4VMYDCV2IEDYJArk749S6m,2TjgzYcbTdsZjbT9OItIeB
33ScadVnbm2X8kkUqOkC6Z,2TjgzYcbTdsZjbT9OItIeB
1UjxAZqzphB1tsMb1aWBj0,2aiM1OfMODFLUXaQgEVPK1
1ux3jQBNhz3EQwG8qgbb1q,2eDuW7Ko1A5vRQfRbFTOjc
2YTyoyU90b3CF5x91YjVaQ,0yqEvM2Huy4NWzhKK7hPFF
4hHckqG9TSiTYSbkdfUmb1,368rTiMKMrz3b03az6B14w
0LyfQWJT6nXafLPZqxe9Of,3CsAVwPRbXM1FhoidE62bf
2ydZrTy8U3kOMOzx20s3dg,41FHi27Gz2n5STr5TSV9fw
0BmLNz4nSLfoWYW1cYsElL,2w9zwq3AktTeYYMuhMjju8
0BmLNz4nSLfoWYW1cYsElL,2w9zwq3AktTeYYMuhMjju8
0BmLNz4nSLfoWYW1cYsElL,2w9zwq3AktTeYYMuhMjju8
0BmLNz4nSLfoWYW1cYsElL,2w9zwq3AktTeYYMuhMjju8
3E6xrwgnVfYCrCs0ePERDz,4vhNDa5ycK0ST968ek7kRr
5pZE9tgrhmIGWAsJZ7YxNK,0GM7qgcRCORpGnfcN2tCiB
5pZE9tgrhmIGWAsJZ7YxNK,0GM7qgcRCORpGnfcN2tCiB
5pZE9tgrhmIGWAsJZ7YxNK,3P4VNQLuN1qQQnL8rMaIkL
7CajNmpbOovFoOoasH2HaY,2cWZOOzeOm4WmBJRnD5R7I
7CajNmpbOovFoOoasH2HaY,0NIIxcxNHmOoyBx03SfTCD
2cWZOOzeOm4WmBJRnD5R7I,0NIIxcxNHmOoyBx03SfTCD
7CajNmpbOovFoOoasH2HaY,31TPClRtHm23RisEBtV3X7
7CajNmpbOovFoOoasH2HaY,26VFTg2z8YR0cCuwLzESi2
31TPClRtHm23RisEBtV3X7,26VFTg2z8YR0cCuwLzESi2
7CajNmpbOovFoOoasH2HaY,1URnnhqYAYcrqrcwql10ft
05KDKIpxshxrB9BMewaCBW,1TRFAJu3Cw64APToZaGk9D
05KDKIpxshxrB9BMewaCBW,7CajNmpbOovFoOoasH2HaY
1TRFAJu3Cw64APToZaGk9D,7CajNmpbOovFoOoasH2HaY
05KDKIpxshxrB9BMewaCBW,0oO1IaDOBSeI96HbnCa5pZ
05KDKIpxshxrB9BMewaCBW,7CajNmpbOovFoOoasH2HaY
0oO1IaDOBSeI96HbnCa5pZ,7CajNmpbOovFoOoasH2HaY
05KDKIpxshxrB9BMewaCBW,5lVNSw2GPci8kebrAQpZqU
05KDKIpxshxrB9BMewaCBW,7CajNmpbOovFoOoasH2HaY
5lVNSw2GPci8kebrAQpZqU,7CajNmpbOovFoOoasH2HaY
7CajNmpbOovFoOoasH2HaY,5SHxzwjek1Pipl1Yk11UHv
7CajNmpbOovFoOoasH2HaY,5SHxzwjek1Pipl1Yk11UHv
7CajNmpbOovFoOoasH2HaY,5czbzNZZfWpyFgZyfT3Mkk
5SHxzwjek1Pipl1Yk11UHv,5czbzNZZfWpyFgZyfT3Mkk
7CajNmpbOovFoOoasH2HaY,5SHxzwjek1Pipl1Yk11UHv
7CajNmpbOovFoOoasH2HaY,5SHxzwjek1Pipl1Yk11UHv
7CajNmpbOovFoOoasH2HaY,4bL2B6hmLlMWnUEZnorEtG
5SHxzwjek1Pipl1Yk11UHv,4bL2B6hmLlMWnUEZnorEtG
7CajNmpbOovFoOoasH2HaY,5SHxzwjek1Pipl1Yk11UHv
7CajNmpbOovFoOoasH2HaY,5nki7yRhxgM509M5ADlN1p
5SHxzwjek1Pipl1Yk11UHv,5nki7yRhxgM509M5ADlN1p
7CajNmpbOovFoOoasH2HaY,5SHxzwjek1Pipl1Yk11UHv
7CajNmpbOovFoOoasH2HaY,30C3E9bYfEQPAY9MweeUVe
5SHxzwjek1Pipl1Yk11UHv,30C3E9bYfEQPAY9MweeUVe
7CajNmpbOovFoOoasH2HaY,5SHxzwjek1Pipl1Yk11UHv
05KDKIpxshxrB9BMewaCBW,0KjUylaIRSvhBdkPWj5r47
05KDKIpxshxrB9BMewaCBW,7CajNmpbOovFoOoasH2HaY
0KjUylaIRSvhBdkPWj5r47,7CajNmpbOovFoOoasH2HaY
05KDKIpxshxrB9BMewaCBW,57vWImR43h4CaDao012Ofp
05KDKIpxshxrB9BMewaCBW,7CajNmpbOovFoOoasH2HaY
57vWImR43h4CaDao012Ofp,7CajNmpbOovFoOoasH2HaY
05KDKIpxshxrB9BMewaCBW,5lVNSw2GPci8kebrAQpZqU
05KDKIpxshxrB9BMewaCBW,7CajNmpbOovFoOoasH2HaY
5lVNSw2GPci8kebrAQpZqU,7CajNmpbOovFoOoasH2HaY
05KDKIpxshxrB9BMewaCBW,7CajNmpbOovFoOoasH2HaY
05KDKIpxshxrB9BMewaCBW,7CajNmpbOovFoOoasH2HaY
05KDKIpxshxrB9BMewaCBW,7CajNmpbOovFoOoasH2HaY
7CajNmpbOovFoOoasH2HaY,4f9iBmdUOhQWeP7dcAn1pf
7CajNmpbOovFoOoasH2HaY,4f9iBmdUOhQWeP7dcAn1pf
5CiGnKThu5ctn9pBxv7DGa,7CajNmpbOovFoOoasH2HaY
5CiGnKThu5ctn9pBxv7DGa,360IAlyVv4PCEVjgyMZrxK
7CajNmpbOovFoOoasH2HaY,360IAlyVv4PCEVjgyMZrxK
5CiGnKThu5ctn9pBxv7DGa,7CajNmpbOovFoOoasH2HaY
2cWZOOzeOm4WmBJRnD5R7I,7CajNmpbOovFoOoasH2HaY
7CajNmpbOovFoOoasH2HaY,2wY79sveU1sp5g7SokKOiI
7CajNmpbOovFoOoasH2HaY,2wY79sveU1sp5g7SokKOiI
7CajNmpbOovFoOoasH2HaY,3KedxarmBCyFBevnqQHy3P
2wY79sveU1sp5g7SokKOiI,3KedxarmBCyFBevnqQHy3P
26VFTg2z8YR0cCuwLzESi2,7CajNmpbOovFoOoasH2HaY
26VFTg2z8YR0cCuwLzESi2,2ExGrw6XpbtUAJHTLtUXUD
7CajNmpbOovFoOoasH2HaY,2ExGrw6XpbtUAJHTLtUXUD
7tYKF4w9nC0nq9CsPZTHyP,7CajNmpbOovFoOoasH2HaY
7tYKF4w9nC0nq9CsPZTHyP,4A0TivfinfALCAMJqqjZIk
7CajNmpbOovFoOoasH2HaY,4A0TivfinfALCAMJqqjZIk
0gusqTJKxtU1UTmNRMHZcv,7CajNmpbOovFoOoasH2HaY
0gusqTJKxtU1UTmNRMHZcv,7CajNmpbOovFoOoasH2HaY
7CajNmpbOovFoOoasH2HaY,5EehXjjMktLuJmbRsM7YfB
7CajNmpbOovFoOoasH2HaY,5EehXjjMktLuJmbRsM7YfB
7CajNmpbOovFoOoasH2HaY,4AVFqumd2ogHFlRbKIjp1t
0gusqTJKxtU1UTmNRMHZcv,7CajNmpbOovFoOoasH2HaY
0gusqTJKxtU1UTmNRMHZcv,5afDPnkidHjc6e43K9bSKn
7CajNmpbOovFoOoasH2HaY,5afDPnkidHjc6e43K9bSKn
0gusqTJKxtU1UTmNRMHZcv,7CajNmpbOovFoOoasH2HaY
0gusqTJKxtU1UTmNRMHZcv,5afDPnkidHjc6e43K9bSKn
7CajNmpbOovFoOoasH2HaY,5afDPnkidHjc6e43K9bSKn
05KDKIpxshxrB9BMewaCBW,57vWImR43h4CaDao012Ofp
05KDKIpxshxrB9BMewaCBW,0oO1IaDOBSeI96HbnCa5pZ
57vWImR43h4CaDao012Ofp,0oO1IaDOBSeI96HbnCa5pZ
05KDKIpxshxrB9BMewaCBW,57vWImR43h4CaDao012Ofp
05KDKIpxshxrB9BMewaCBW,1yqxFtPHKcGcv6SXZNdyT9
57vWImR43h4CaDao012Ofp,1yqxFtPHKcGcv6SXZNdyT9
05KDKIpxshxrB9BMewaCBW,57vWImR43h4CaDao012Ofp
05KDKIpxshxrB9BMewaCBW,0XfQBWgzisaS9ltDV9bXAS
57vWImR43h4CaDao012Ofp,0XfQBWgzisaS9ltDV9bXAS
05KDKIpxshxrB9BMewaCBW,57vWImR43h4CaDao012Ofp
05KDKIpxshxrB9BMewaCBW,56HBXB2JoYhf04oMeko90l
57vWImR43h4CaDao012Ofp,56HBXB2JoYhf04oMeko90l
5SXuuuRpukkTvsLuUknva1,2YZyLoL8N0Wb9xBt1NhZWg
0NWbwDZY1VkRqFafuQm6wk,2RdwBSPQiwcmiDo9kixcl8
0NWbwDZY1VkRqFafuQm6wk,2YZyLoL8N0Wb9xBt1NhZWg
2RdwBSPQiwcmiDo9kixcl8,2YZyLoL8N0Wb9xBt1NhZWg
28ExwzUQsvgJooOI0X1mr3,2YZyLoL8N0Wb9xBt1NhZWg
28ExwzUQsvgJooOI0X1mr3,1RyvyyTE3xzB2ZywiAwp0i
2YZyLoL8N0Wb9xBt1NhZWg,1RyvyyTE3xzB2ZywiAwp0i
2YZyLoL8N0Wb9xBt1NhZWg,7tYKF4w9nC0nq9CsPZTHyP
5he5w2lnU9x7JFhnwcekXX,2YZyLoL8N0Wb9xBt1NhZWg
5WUlDfRSoLAfcVSX1WnrxN,2YZyLoL8N0Wb9xBt1NhZWg
5WUlDfRSoLAfcVSX1WnrxN,3EK3opK9Hp93HJjBPupzfg
2YZyLoL8N0Wb9xBt1NhZWg,3EK3opK9Hp93HJjBPupzfg
0lEssBAxQl2In4RpaB1C2Y,2YZyLoL8N0Wb9xBt1NhZWg
0lEssBAxQl2In4RpaB1C2Y,6X8WdFjrNhXATMDSs26aCc
2YZyLoL8N0Wb9xBt1NhZWg,6X8WdFjrNhXATMDSs26aCc
5NgQo5enpKJsf6ohQedD6b,1TC1Dj7qy98gBriJdOgDMh
5NgQo5enpKJsf6ohQedD6b,1TC1Dj7qy98gBriJdOgDMh
4frXpPxQQZwbCu3eTGnZEw,2LQF8AgyQUgLfquM92Rx8N
4frXpPxQQZwbCu3eTGnZEw,0Ld26D4Ya5Od7ZZpLanfQJ
2LQF8AgyQUgLfquM92Rx8N,0Ld26D4Ya5Od7ZZpLanfQJ
450o9jw6AtiQlQkHCdH6Ru,5dncbrnveDMX9DgxcedeUg
41gxhG2jLBD3CEn3QI0EwL,31HjiqargV4NAw4GZqUale
41gxhG2jLBD3CEn3QI0EwL,2cADQgiLMjNhbsfeN52Bf3
31HjiqargV4NAw4GZqUale,2cADQgiLMjNhbsfeN52Bf3
20sxb77xiYeusSH8cVdatc,67nwj3Y5sZQLl72VNUHEYE
2wY79sveU1sp5g7SokKOiI,3Xt3RrJMFv5SZkCfUE8C1J
2wY79sveU1sp5g7SokKOiI,3Xt3RrJMFv5SZkCfUE8C1J
2wY79sveU1sp5g7SokKOiI,6nS5roXSAGhTGr34W6n7Et
3Xt3RrJMFv5SZkCfUE8C1J,6nS5roXSAGhTGr34W6n7Et
2wY79sveU1sp5g7SokKOiI,3Xt3RrJMFv5SZkCfUE8C1J
2wY79sveU1sp5g7SokKOiI,4pnp4w9g30yLfVIAFnZMRd
3Xt3RrJMFv5SZkCfUE8C1J,4pnp4w9g30yLfVIAFnZMRd
2wY79sveU1sp5g7SokKOiI,3Xt3RrJMFv5SZkCfUE8C1J
2wY79sveU1sp5g7SokKOiI,1YzaVDzA3EdEipDSUeNQER
2wY79sveU1sp5g7SokKOiI,4kBCXTJBl1aY9pDHONsjfr
1YzaVDzA3EdEipDSUeNQER,4kBCXTJBl1aY9pDHONsjfr
2wY79sveU1sp5g7SokKOiI,57LYzLEk2LcFghVwuWbcuS
2wY79sveU1sp5g7SokKOiI,6DgP9otnZw5z6daOntINxp
1hNaHKp2Za5YdOAG0WnRbc,2wY79sveU1sp5g7SokKOiI
2wY79sveU1sp5g7SokKOiI,3wcj11K77LjEY1PkEazffa
2wY79sveU1sp5g7SokKOiI,6S2OmqARrzebs0tKUEyXyp
2wY79sveU1sp5g7SokKOiI,7E3BRXV9ZbCt5lQTCXMTia
2wY79sveU1sp5g7SokKOiI,0nJcDqY6ox4kHB92AuRA8j
2wY79sveU1sp5g7SokKOiI,5UUdxfBMwm0hLlLgnZtBFv
2wY79sveU1sp5g7SokKOiI,6USMTwO0MNDnKte5a5h0xx
2wY79sveU1sp5g7SokKOiI,4ZYtO7K6tpQGNgoRRseDOg
2wY79sveU1sp5g7SokKOiI,2cWZOOzeOm4WmBJRnD5R7I
2wY79sveU1sp5g7SokKOiI,2cWZOOzeOm4WmBJRnD5R7I
2wY79sveU1sp5g7SokKOiI,2cWZOOzeOm4WmBJRnD5R7I
2sG4zTOLvjKG1PSoOyf5Ej,2wY79sveU1sp5g7SokKOiI
2wY79sveU1sp5g7SokKOiI,5xdizdgbQQvGAgAolGhpXr
2wY79sveU1sp5g7SokKOiI,4sTQVOfp9vEMCemLw50sbu
2wY79sveU1sp5g7SokKOiI,2FwJwEswyIUAljqgjNSHgP
3TVXtAsR1Inumwj472S9r4,1URnnhqYAYcrqrcwql10ft
3TVXtAsR1Inumwj472S9r4,1URnnhqYAYcrqrcwql10ft
3TVXtAsR1Inumwj472S9r4,1URnnhqYAYcrqrcwql10ft
3TVXtAsR1Inumwj472S9r4,1URnnhqYAYcrqrcwql10ft
3TVXtAsR1Inumwj472S9r4,1URnnhqYAYcrqrcwql10ft
3TVXtAsR1Inumwj472S9r4,1URnnhqYAYcrqrcwql10ft
3TVXtAsR1Inumwj472S9r4,1URnnhqYAYcrqrcwql10ft
3TVXtAsR1Inumwj472S9r4,1URnnhqYAYcrqrcwql10ft
3TVXtAsR1Inumwj472S9r4,1URnnhqYAYcrqrcwql10ft
3TVXtAsR1Inumwj472S9r4,0Y5tJX1MQlPlqiwlOH1tJY
1URnnhqYAYcrqrcwql10ft,0Y5tJX1MQlPlqiwlOH1tJY
3TVXtAsR1Inumwj472S9r4,1URnnhqYAYcrqrcwql10ft
3TVXtAsR1Inumwj472S9r4,1URnnhqYAYcrqrcwql10ft
3TVXtAsR1Inumwj472S9r4,1URnnhqYAYcrqrcwql10ft
3TVXtAsR1Inumwj472S9r4,5f7VJjfbwm532GiveGC0ZK
3TVXtAsR1Inumwj472S9r4,3hcs9uc56yIGFCSy9leWe7
3TVXtAsR1Inumwj472S9r4,4fxd5Ee7UefO4CUXgwJ7IP
3hcs9uc56yIGFCSy9leWe7,4fxd5Ee7UefO4CUXgwJ7IP
3TVXtAsR1Inumwj472S9r4,3nFkdlSjzX9mRTtwJOzDYB
3TVXtAsR1Inumwj472S9r4,0Y5tJX1MQlPlqiwlOH1tJY
3TVXtAsR1Inumwj472S9r4,1RyvyyTE3xzB2ZywiAwp0i
3TVXtAsR1Inumwj472S9r4,50co4Is1HCEo8bhOyUWKpn
1RyvyyTE3xzB2ZywiAwp0i,50co4Is1HCEo8bhOyUWKpn
3TVXtAsR1Inumwj472S9r4,1RyvyyTE3xzB2ZywiAwp0i
3TVXtAsR1Inumwj472S9r4,1ooV8YZC1KbpEcrmI8WH0F
3TVXtAsR1Inumwj472S9r4,1URnnhqYAYcrqrcwql10ft
3TVXtAsR1Inumwj472S9r4,08Ld63UgKrJ0nZnCkzHtzc
1URnnhqYAYcrqrcwql10ft,08Ld63UgKrJ0nZnCkzHtzc
3TVXtAsR1Inumwj472S9r4,687cZJR45JO7jhk1LHIbgq
3TVXtAsR1Inumwj472S9r4,7c0XG5cIJTrrAgEC3ULPiq
3TVXtAsR1Inumwj472S9r4,55Aa2cqylxrFIXC767Z865
3TVXtAsR1Inumwj472S9r4,1sBkRIssrMs1AbVkOJbc7a
55Aa2cqylxrFIXC767Z865,1sBkRIssrMs1AbVkOJbc7a
3TVXtAsR1Inumwj472S9r4,0fA0VVWsXO9YnASrzqfmYu
3TVXtAsR1Inumwj472S9r4,4fxd5Ee7UefO4CUXgwJ7IP
3TVXtAsR1Inumwj472S9r4,7bXgB6jMjp9ATFy66eO08Z
3TVXtAsR1Inumwj472S9r4,1RyvyyTE3xzB2ZywiAwp0i
1RyvyyTE3xzB2ZywiAwp0i,3TVXtAsR1Inumwj472S9r4
1RyvyyTE3xzB2ZywiAwp0i,50co4Is1HCEo8bhOyUWKpn
3TVXtAsR1Inumwj472S9r4,50co4Is1HCEo8bhOyUWKpn
3TVXtAsR1Inumwj472S9r4,699OTQXzgjhIYAHMy9RyPD
3TVXtAsR1Inumwj472S9r4,14CHVeJGrR5xgUGQFV5BVM
3TVXtAsR1Inumwj472S9r4,2UyyBkpzN5w3hzZBZGvRZb
14CHVeJGrR5xgUGQFV5BVM,2UyyBkpzN5w3hzZBZGvRZb
3TVXtAsR1Inumwj472S9r4,6l3HvQ5sa6mXTsMTB19rO5
3TVXtAsR1Inumwj472S9r4,1sBkRIssrMs1AbVkOJbc7a
3TVXtAsR1Inumwj472S9r4,5ooSG9S0glqP5ZrqqaHBvT
3TVXtAsR1Inumwj472S9r4,2iojnBLj0qIMiKPvVhLnsH
3TVXtAsR1Inumwj472S9r4,55Aa2cqylxrFIXC767Z865
2iojnBLj0qIMiKPvVhLnsH,55Aa2cqylxrFIXC767Z865
3TVXtAsR1Inumwj472S9r4,6u11Qbko2N2hP4lTBYjX86
3TVXtAsR1Inumwj472S9r4,55Aa2cqylxrFIXC767Z865
3TVXtAsR1Inumwj472S9r4,1Xfmvd48oOhEWkscWyEbh9
3TVXtAsR1Inumwj472S9r4,6oBm8HB0yfrIc9IHbxs6in
3TVXtAsR1Inumwj472S9r4,6Jrxnp0JgqmeUX1veU591p
3TVXtAsR1Inumwj472S9r4,55Aa2cqylxrFIXC767Z865
6Jrxnp0JgqmeUX1veU591p,55Aa2cqylxrFIXC767Z865
3TVXtAsR1Inumwj472S9r4,45a6gCQWq61lIUDmr1tKuO
3TVXtAsR1Inumwj472S9r4,55Aa2cqylxrFIXC767Z865
45a6gCQWq61lIUDmr1tKuO,55Aa2cqylxrFIXC767Z865
3TVXtAsR1Inumwj472S9r4,0f5nVCcR06GX8Qikz0COtT
3TVXtAsR1Inumwj472S9r4,0qudezVgvl4Chd9BgNFB83
3TVXtAsR1Inumwj472S9r4,3nFkdlSjzX9mRTtwJOzDYB
3TVXtAsR1Inumwj472S9r4,3fMbdgg4jU18AjLCKBhRSm
3TVXtAsR1Inumwj472S9r4,3pbi8H08p95NUZ7m6ybxUV
3TVXtAsR1Inumwj472S9r4,7c0XG5cIJTrrAgEC3ULPiq
3pbi8H08p95NUZ7m6ybxUV,7c0XG5cIJTrrAgEC3ULPiq
3TVXtAsR1Inumwj472S9r4,3S0tlB4fE7ChxI2pWz8Xip
3TVXtAsR1Inumwj472S9r4,6wMr4zKPrrR0UVz08WtUWc
3TVXtAsR1Inumwj472S9r4,1CoZyIx7UvdxT5c8UkMzHd
6wMr4zKPrrR0UVz08WtUWc,1CoZyIx7UvdxT5c8UkMzHd
3TVXtAsR1Inumwj472S9r4,2WoVwexZuODvclzULjPQtm
3TVXtAsR1Inumwj472S9r4,0VRj0yCOv2FXJNP47XQnx5
3TVXtAsR1Inumwj472S9r4,0Y5tJX1MQlPlqiwlOH1tJY
0VRj0yCOv2FXJNP47XQnx5,0Y5tJX1MQlPlqiwlOH1tJY
3TVXtAsR1Inumwj472S9r4,17lzZA2AlOHwCwFALHttmp
3TVXtAsR1Inumwj472S9r4,50co4Is1HCEo8bhOyUWKpn
17lzZA2AlOHwCwFALHttmp,50co4Is1HCEo8bhOyUWKpn
3TVXtAsR1Inumwj472S9r4,3S0tlB4fE7ChxI2pWz8Xip
3TVXtAsR1Inumwj472S9r4,5K4W6rqBFWDnAN6FQUkS6x
3TVXtAsR1Inumwj472S9r4,2HPaUgqeutzr3jx5a9WyDV
3TVXtAsR1Inumwj472S9r4,50co4Is1HCEo8bhOyUWKpn
3TVXtAsR1Inumwj472S9r4,2HPaUgqeutzr3jx5a9WyDV
3TVXtAsR1Inumwj472S9r4,7e1ICztHM2Sc4JNLxeMXYl
3TVXtAsR1Inumwj472S9r4,7v9bFXCdSMA2o3gS4nvp0F
7e1ICztHM2Sc4JNLxeMXYl,7v9bFXCdSMA2o3gS4nvp0F
3TVXtAsR1Inumwj472S9r4,3tVQdUvClmAT7URs9V3rsp
3TVXtAsR1Inumwj472S9r4,77DAFfvm3O9zT5dIoG0eIO
3tVQdUvClmAT7URs9V3rsp,77DAFfvm3O9zT5dIoG0eIO
3TVXtAsR1Inumwj472S9r4,1RyvyyTE3xzB2ZywiAwp0i
3TVXtAsR1Inumwj472S9r4,5pKCCKE2ajJHZ9KAiaK11H
3TVXtAsR1Inumwj472S9r4,4HzKw8XcD0piJmDrrPRCYk
3TVXtAsR1Inumwj472S9r4,1RyvyyTE3xzB2ZywiAwp0i
3TVXtAsR1Inumwj472S9r4,1RyvyyTE3xzB2ZywiAwp0i
3TVXtAsR1Inumwj472S9r4,1RyvyyTE3xzB2ZywiAwp0i
3TVXtAsR1Inumwj472S9r4,1RyvyyTE3xzB2ZywiAwp0i
3TVXtAsR1Inumwj472S9r4,1RyvyyTE3xzB2ZywiAwp0i
3TVXtAsR1Inumwj472S9r4,1RyvyyTE3xzB2ZywiAwp0i
3TVXtAsR1Inumwj472S9r4,1RyvyyTE3xzB2ZywiAwp0i
3TVXtAsR1Inumwj472S9r4,1RyvyyTE3xzB2ZywiAwp0i
3TVXtAsR1Inumwj472S9r4,1RyvyyTE3xzB2ZywiAwp0i
3TVXtAsR1Inumwj472S9r4,2HPaUgqeutzr3jx5a9WyDV
3TVXtAsR1Inumwj472S9r4,2HPaUgqeutzr3jx5a9WyDV
3TVXtAsR1Inumwj472S9r4,55Aa2cqylxrFIXC767Z865
3TVXtAsR1Inumwj472S9r4,0Y5tJX1MQlPlqiwlOH1tJY
3TVXtAsR1Inumwj472S9r4,5ZS223C6JyBfXasXxrRqOk
3TVXtAsR1Inumwj472S9r4,4HzKw8XcD0piJmDrrPRCYk
3TVXtAsR1Inumwj472S9r4,4sglKanXuoU0gqGYP3wiNv
3TVXtAsR1Inumwj472S9r4,2WoVwexZuODvclzULjPQtm
3TVXtAsR1Inumwj472S9r4,3nFkdlSjzX9mRTtwJOzDYB
3TVXtAsR1Inumwj472S9r4,17lzZA2AlOHwCwFALHttmp
3TVXtAsR1Inumwj472S9r4,0c173mlxpT3dSFRgMO8XPh
17lzZA2AlOHwCwFALHttmp,0c173mlxpT3dSFRgMO8XPh
3TVXtAsR1Inumwj472S9r4,1Xyo4u8uXC1ZmMpatF05PJ
3TVXtAsR1Inumwj472S9r4,5pKCCKE2ajJHZ9KAiaK11H
3TVXtAsR1Inumwj472S9r4,2YZyLoL8N0Wb9xBt1NhZWg
3TVXtAsR1Inumwj472S9r4,35sCXuy5gN6Or69rZ9vqBs
3TVXtAsR1Inumwj472S9r4,0hCNtLu0JehylgoiP8L4Gh
3TVXtAsR1Inumwj472S9r4,1sBkRIssrMs1AbVkOJbc7a
3TVXtAsR1Inumwj472S9r4,55Aa2cqylxrFIXC767Z865
3TVXtAsR1Inumwj472S9r4,74V3dE1a51skRkdII8y2C6
55Aa2cqylxrFIXC767Z865,74V3dE1a51skRkdII8y2C6
3TVXtAsR1Inumwj472S9r4,55Aa2cqylxrFIXC767Z865
3TVXtAsR1Inumwj472S9r4,55Aa2cqylxrFIXC767Z865
3TVXtAsR1Inumwj472S9r4,0hCNtLu0JehylgoiP8L4Gh
3TVXtAsR1Inumwj472S9r4,55Aa2cqylxrFIXC767Z865
3TVXtAsR1Inumwj472S9r4,3DiDSECUqqY1AuBP8qtaIa
3TVXtAsR1Inumwj472S9r4,0hCNtLu0JehylgoiP8L4Gh
3TVXtAsR1Inumwj472S9r4,4OBJLual30L7gRl5UkeRcT
3TVXtAsR1Inumwj472S9r4,2cADQgiLMjNhbsfeN52Bf3
4OBJLual30L7gRl5UkeRcT,2cADQgiLMjNhbsfeN52Bf3
3TVXtAsR1Inumwj472S9r4,1W3FSF1BLpY3hlVIgvenLz
3TVXtAsR1Inumwj472S9r4,4yBK75WVCQXej1p04GWqxH
3TVXtAsR1Inumwj472S9r4,3nFkdlSjzX9mRTtwJOzDYB
3TVXtAsR1Inumwj472S9r4,55Aa2cqylxrFIXC767Z865
4q3ewBCX7sLwd24euuV69X,37230BxxYs9ksS7OkZw3IU
4q3ewBCX7sLwd24euuV69X,6nVcHLIgY5pE2YCl8ubca1
4q3ewBCX7sLwd24euuV69X,3LKXWvXFWrkwUzJWxzwVpW
4q3ewBCX7sLwd24euuV69X,1mcTU81TzQhprhouKaTkpq
4q3ewBCX7sLwd24euuV69X,5n9bMYfz9qss2VOW89EVs2
4q3ewBCX7sLwd24euuV69X,2sSGPbdZJkaSE2AbcGOACx
4q3ewBCX7sLwd24euuV69X,0MoaBi6dSquXp6rrlqlF8R
4q3ewBCX7sLwd24euuV69X,7ltDVBr6mKbRvohxheJ9h1
4q3ewBCX7sLwd24euuV69X,3ZJxEmjYZd5VOqZ8o3aXiL
4q3ewBCX7sLwd24euuV69X,21451j1KhjAiaYKflxBjr1
0eHQ9o50hj6ZDNBt6Ys1sD,4q3ewBCX7sLwd24euuV69X
4q3ewBCX7sLwd24euuV69X,33ScadVnbm2X8kkUqOkC6Z
4q3ewBCX7sLwd24euuV69X,1SupJlEpv7RS2tPNRaHViT
0EFisYRi20PTADoJrifHrz,4q3ewBCX7sLwd24euuV69X
4q3ewBCX7sLwd24euuV69X,1A8aoDrchH5aefQYBCfpLv
4q3ewBCX7sLwd24euuV69X,4VMYDCV2IEDYJArk749S6m
4q3ewBCX7sLwd24euuV69X,0Y30TbA4p8SAfCzy2AFBa8
4q3ewBCX7sLwd24euuV69X,12vb80Km0Ew53ABfJOepVz
4q3ewBCX7sLwd24euuV69X,0Q8NcsJwoCbZOHHW63su5S
4q3ewBCX7sLwd24euuV69X,4IMAo2UQchVFyPH24PAjUs
4q3ewBCX7sLwd24euuV69X,12vb80Km0Ew53ABfJOepVz
4IMAo2UQchVFyPH24PAjUs,12vb80Km0Ew53ABfJOepVz
4q3ewBCX7sLwd24euuV69X,2R21vXR83lH98kGeO99Y66
4q3ewBCX7sLwd24euuV69X,7iK8PXO48WeuP03g8YR51W
4q3ewBCX7sLwd24euuV69X,1WMwuNKzEFtU6pPkdtryYS
4q3ewBCX7sLwd24euuV69X,4SsVbpTthjScTS7U2hmr1X
1WMwuNKzEFtU6pPkdtryYS,4SsVbpTthjScTS7U2hmr1X
4q3ewBCX7sLwd24euuV69X,1bAftSH8umNcGZ0uyV7LMg
4q3ewBCX7sLwd24euuV69X,2XcZshqzPKm3iZcmt73R8D
1bAftSH8umNcGZ0uyV7LMg,2XcZshqzPKm3iZcmt73R8D
1vyhD5VmyZ7KMfW5gqLgo5,4q3ewBCX7sLwd24euuV69X
1vyhD5VmyZ7KMfW5gqLgo5,4q3ewBCX7sLwd24euuV69X
1vyhD5VmyZ7KMfW5gqLgo5,4q3ewBCX7sLwd24euuV69X
1vyhD5VmyZ7KMfW5gqLgo5,4q3ewBCX7sLwd24euuV69X
1vyhD5VmyZ7KMfW5gqLgo5,4q3ewBCX7sLwd24euuV69X
1vyhD5VmyZ7KMfW5gqLgo5,4q3ewBCX7sLwd24euuV69X
1vyhD5VmyZ7KMfW5gqLgo5,5QzDzXfXC5lepOBeQXBiVO
4q3ewBCX7sLwd24euuV69X,5QzDzXfXC5lepOBeQXBiVO
1vyhD5VmyZ7KMfW5gqLgo5,4q3ewBCX7sLwd24euuV69X
1vyhD5VmyZ7KMfW5gqLgo5,4q3ewBCX7sLwd24euuV69X
1vyhD5VmyZ7KMfW5gqLgo5,4TAoP0f9OuWZUesao43xUW
4q3ewBCX7sLwd24euuV69X,4TAoP0f9OuWZUesao43xUW
4q3ewBCX7sLwd24euuV69X,5fMUXHkw8R8eOP2RNVYEZX
4q3ewBCX7sLwd24euuV69X,2oQX8QiMXOyuqbcZEFsZfm
4q3ewBCX7sLwd24euuV69X,3TVXtAsR1Inumwj472S9r4
4Nrd0CtP8txoQhnnlRA6V6,6eUKZXaKkcviH0Ku9w2n3V
4nDoRrQiYLoBzwC5BhVJzF,6eUKZXaKkcviH0Ku9w2n3V
6eUKZXaKkcviH0Ku9w2n3V,5f7VJjfbwm532GiveGC0ZK
6eUKZXaKkcviH0Ku9w2n3V,2SrSdSvpminqmStGELCSNd
6eUKZXaKkcviH0Ku9w2n3V,20sxb77xiYeusSH8cVdatc
6eUKZXaKkcviH0Ku9w2n3V,31W5EY0aAly4Qieq6OFu6I
20sxb77xiYeusSH8cVdatc,31W5EY0aAly4Qieq6OFu6I
4WN5naL3ofxrVBgFpguzKo,6eUKZXaKkcviH0Ku9w2n3V
6eUKZXaKkcviH0Ku9w2n3V,4WXIbsHTP9Tj8GD76LBTr9
6eUKZXaKkcviH0Ku9w2n3V,7Ks3elJhSP20mD04lgiA68
6eUKZXaKkcviH0Ku9w2n3V,7k9T7lZlHjRAM1bb0r9Rm3
6eUKZXaKkcviH0Ku9w2n3V,6WjX4pepHwXa85B9KMk0PY
6eUKZXaKkcviH0Ku9w2n3V,4IZLJdhHCqAvT4pjn8TLH5
6eUKZXaKkcviH0Ku9w2n3V,6zaXOYNFbclSYoBm2O4FiB
6eUKZXaKkcviH0Ku9w2n3V,7zJL978NtANOysfGY21ty6
6eUKZXaKkcviH0Ku9w2n3V,3byZhxYIRTp15VjyckfstU
4LXBc13z5EWsc5N32bLxfH,6eUKZXaKkcviH0Ku9w2n3V
6eUKZXaKkcviH0Ku9w2n3V,4bL2B6hmLlMWnUEZnorEtG
1Xyo4u8uXC1ZmMpatF05PJ,4V8LLVI7PbaPR0K2TGSxFF
1Xyo4u8uXC1ZmMpatF05PJ,55Aa2cqylxrFIXC767Z865
1h6Cn3P4NGzXbaXidqURXs,1Xyo4u8uXC1ZmMpatF05PJ
1Xyo4u8uXC1ZmMpatF05PJ,2wPDbhaGXCqROrVmwDdCrK
1Xyo4u8uXC1ZmMpatF05PJ,6hyMWrxGBsOx6sWcVj1DqP
1Xyo4u8uXC1ZmMpatF05PJ,5PdkRVDASsw6P7QoqRpz0F
6hyMWrxGBsOx6sWcVj1DqP,5PdkRVDASsw6P7QoqRpz0F
1Xyo4u8uXC1ZmMpatF05PJ,1h6Cn3P4NGzXbaXidqURXs
1Xyo4u8uXC1ZmMpatF05PJ,6qgnBH6iDM91ipVXv28OMu
1Xyo4u8uXC1ZmMpatF05PJ,57LYzLEk2LcFghVwuWbcuS
1Xyo4u8uXC1ZmMpatF05PJ,5TAipisjquAkq2o7lzMJyc
1Xyo4u8uXC1ZmMpatF05PJ,55Aa2cqylxrFIXC767Z865
1Xyo4u8uXC1ZmMpatF05PJ,66CXWjxzNUsdJxJ2JdwvnR
1Xyo4u8uXC1ZmMpatF05PJ,3hteYQFiMFbJY7wS0xDymP
1Xyo4u8uXC1ZmMpatF05PJ,3hteYQFiMFbJY7wS0xDymP
1Xyo4u8uXC1ZmMpatF05PJ,4tZwfgrHOc3mvqYlEYSvVi
1Xyo4u8uXC1ZmMpatF05PJ,00FQb4jTyendYWaN8pK0wa
1Xyo4u8uXC1ZmMpatF05PJ,2YZyLoL8N0Wb9xBt1NhZWg
1Xyo4u8uXC1ZmMpatF05PJ,1RyvyyTE3xzB2ZywiAwp0i
1Xyo4u8uXC1ZmMpatF05PJ,4tZwfgrHOc3mvqYlEYSvVi
1Xyo4u8uXC1ZmMpatF05PJ,2feDdbD5araYcm6JhFHHw7
1Xyo4u8uXC1ZmMpatF05PJ,6eUKZXaKkcviH0Ku9w2n3V
1Xyo4u8uXC1ZmMpatF05PJ,00FQb4jTyendYWaN8pK0wa
1Xyo4u8uXC1ZmMpatF05PJ,60d24wfXkVzDSfLS6hyCjZ
1Xyo4u8uXC1ZmMpatF05PJ,7dGJo4pcD2V6oG8kP0tJRR
0UF7XLthtbSF2Eur7559oV,1Xyo4u8uXC1ZmMpatF05PJ
1Xyo4u8uXC1ZmMpatF05PJ,3TVXtAsR1Inumwj472S9r4
1Xyo4u8uXC1ZmMpatF05PJ,5gCRApTajqwbnHHPbr2Fpi
1Xyo4u8uXC1ZmMpatF05PJ,3TVXtAsR1Inumwj472S9r4
1Xyo4u8uXC1ZmMpatF05PJ,5gCRApTajqwbnHHPbr2Fpi
1Xyo4u8uXC1ZmMpatF05PJ,3TVXtAsR1Inumwj472S9r4
06HL4z0CvFAxyc27GXpf02,00FQb4jTyendYWaN8pK0wa
06HL4z0CvFAxyc27GXpf02,3fCQnw6VSudXBTN5d2QP2z
06HL4z0CvFAxyc27GXpf02,6eUKZXaKkcviH0Ku9w2n3V
06HL4z0CvFAxyc27GXpf02,1r1uxoy19fzMxunt3ONAkG
06HL4z0CvFAxyc27GXpf02,4YLtscXsxbVgi031ovDDdh
06HL4z0CvFAxyc27GXpf02,6eUKZXaKkcviH0Ku9w2n3V
06HL4z0CvFAxyc27GXpf02,6aZyMrc4doVtZyKNilOmwu
06HL4z0CvFAxyc27GXpf02,6WY7D3jk8zTrHtmkqqo5GI
06HL4z0CvFAxyc27GXpf02,0u2FHSq3ln94y5Q57xazwf
06HL4z0CvFAxyc27GXpf02,4Ui2kfOqGujY81UcPrb5KE
06HL4z0CvFAxyc27GXpf02,2cCUtGK9sDU2EoElnk0GNB
06HL4z0CvFAxyc27GXpf02,4LEiUm1SRbFMgfqnQTwUbQ
06HL4z0CvFAxyc27GXpf02,4LEiUm1SRbFMgfqnQTwUbQ
06HL4z0CvFAxyc27GXpf02,4LEiUm1SRbFMgfqnQTwUbQ
06HL4z0CvFAxyc27GXpf02,25IG9fa7cbdmCIy3OnuH57
06HL4z0CvFAxyc27GXpf02,6eUKZXaKkcviH0Ku9w2n3V
06HL4z0CvFAxyc27GXpf02,1RyvyyTE3xzB2ZywiAwp0i
6eUKZXaKkcviH0Ku9w2n3V,1RyvyyTE3xzB2ZywiAwp0i
06HL4z0CvFAxyc27GXpf02,6eUKZXaKkcviH0Ku9w2n3V
06HL4z0CvFAxyc27GXpf02,1RyvyyTE3xzB2ZywiAwp0i
6eUKZXaKkcviH0Ku9w2n3V,1RyvyyTE3xzB2ZywiAwp0i
5ZsFI1h6hIdQRw2ti0hz81,06HL4z0CvFAxyc27GXpf02
0hYxQe3AK5jBPCr5MumLHD,06HL4z0CvFAxyc27GXpf02
06HL4z0CvFAxyc27GXpf02,6aZyMrc4doVtZyKNilOmwu
06HL4z0CvFAxyc27GXpf02,3fCQnw6VSudXBTN5d2QP2z
06HL4z0CvFAxyc27GXpf02,6eUKZXaKkcviH0Ku9w2n3V
06HL4z0CvFAxyc27GXpf02,3fCQnw6VSudXBTN5d2QP2z
06HL4z0CvFAxyc27GXpf02,6eUKZXaKkcviH0Ku9w2n3V
06HL4z0CvFAxyc27GXpf02,3fCQnw6VSudXBTN5d2QP2z
06HL4z0CvFAxyc27GXpf02,6eUKZXaKkcviH0Ku9w2n3V
06HL4z0CvFAxyc27GXpf02,0zIn9m85aZQgmL7TscsANA
1uNFoZAHBGtllmzznpCI3s,6LuN9FCkKOj5PcnpouEgny
1uNFoZAHBGtllmzznpCI3s,1anyVhU62p31KFi8MEzkbf
1uNFoZAHBGtllmzznpCI3s,2tIP7SsRs7vjIcLrU85W8J
1uNFoZAHBGtllmzznpCI3s,1jAC8IeyIj2ItNCJdGaUv7
1uNFoZAHBGtllmzznpCI3s,6USv9qhCn6zfxlBQIYJ9qs
1uNFoZAHBGtllmzznpCI3s,20wkVLutqVOYrc0kxFs7rA
1uNFoZAHBGtllmzznpCI3s,4fxd5Ee7UefO4CUXgwJ7IP
20wkVLutqVOYrc0kxFs7rA,4fxd5Ee7UefO4CUXgwJ7IP
1uNFoZAHBGtllmzznpCI3s,46MWeeHNVMYRIIofQBEX98
1uNFoZAHBGtllmzznpCI3s,3wcj11K77LjEY1PkEazffa
1uNFoZAHBGtllmzznpCI3s,4O15NlyKLIASxsJ0PrXPfz
1uNFoZAHBGtllmzznpCI3s,0xOeVMOz2fVg5BJY3N6akT
1uNFoZAHBGtllmzznpCI3s,0VRj0yCOv2FXJNP47XQnx5
1uNFoZAHBGtllmzznpCI3s,4r63FhuTkUYltbVAg5TQnk
1uNFoZAHBGtllmzznpCI3s,1vSN1fsvrzpbttOYGsliDr
1uNFoZAHBGtllmzznpCI3s,0tvpihdAsKiNnP6sWS3jUI
1uNFoZAHBGtllmzznpCI3s,3JXpwnHbLvXxY99EuXqFPX
1uNFoZAHBGtllmzznpCI3s,2tIP7SsRs7vjIcLrU85W8J
1uNFoZAHBGtllmzznpCI3s,0VRj0yCOv2FXJNP47XQnx5
1uNFoZAHBGtllmzznpCI3s,246dkjvS1zLTtiykXe5h60
1uNFoZAHBGtllmzznpCI3s,5yy76ufVriyvidNSvXlRU1
246dkjvS1zLTtiykXe5h60,5yy76ufVriyvidNSvXlRU1
1uNFoZAHBGtllmzznpCI3s,1tqhsYv8yBBdwANFNzHtcr
1uNFoZAHBGtllmzznpCI3s,0Y5tJX1MQlPlqiwlOH1tJY
1uNFoZAHBGtllmzznpCI3s,0cGUm45nv7Z6M6qdXYQGTX
1uNFoZAHBGtllmzznpCI3s,57LYzLEk2LcFghVwuWbcuS
1uNFoZAHBGtllmzznpCI3s,0c173mlxpT3dSFRgMO8XPh
1uNFoZAHBGtllmzznpCI3s,0Y5tJX1MQlPlqiwlOH1tJY
1uNFoZAHBGtllmzznpCI3s,26VFTg2z8YR0cCuwLzESi2
5he5w2lnU9x7JFhnwcekXX,5fMUXHkw8R8eOP2RNVYEZX
5he5w2lnU9x7JFhnwcekXX,1uNFoZAHBGtllmzznpCI3s
5fMUXHkw8R8eOP2RNVYEZX,1uNFoZAHBGtllmzznpCI3s
1uNFoZAHBGtllmzznpCI3s,20qISvAhX20dpIbOOzGK3q
1uNFoZAHBGtllmzznpCI3s,2mxe0TnaNL039ysAj51xPQ
1uNFoZAHBGtllmzznpCI3s,1anyVhU62p31KFi8MEzkbf
1uNFoZAHBGtllmzznpCI3s,55Aa2cqylxrFIXC767Z865
1uNFoZAHBGtllmzznpCI3s,1RyvyyTE3xzB2ZywiAwp0i
1uNFoZAHBGtllmzznpCI3s,0c173mlxpT3dSFRgMO8XPh
1uNFoZAHBGtllmzznpCI3s,2mxe0TnaNL039ysAj51xPQ
1uNFoZAHBGtllmzznpCI3s,1anyVhU62p31KFi8MEzkbf
1uNFoZAHBGtllmzznpCI3s,3ipn9JLAPI5GUEo4y4jcoi
1uNFoZAHBGtllmzznpCI3s,0c173mlxpT3dSFRgMO8XPh
1uNFoZAHBGtllmzznpCI3s,3TVXtAsR1Inumwj472S9r4
1uNFoZAHBGtllmzznpCI3s,0hCNtLu0JehylgoiP8L4Gh
1uNFoZAHBGtllmzznpCI3s,0xOeVMOz2fVg5BJY3N6akT
1uNFoZAHBGtllmzznpCI3s,0xOeVMOz2fVg5BJY3N6akT
1uNFoZAHBGtllmzznpCI3s,0a1gHP0HAqALbEyxaD5Ngn
1uNFoZAHBGtllmzznpCI3s,23zg3TcAtWQy7J6upgbUnj
1uNFoZAHBGtllmzznpCI3s,7bXgB6jMjp9ATFy66eO08Z
1uNFoZAHBGtllmzznpCI3s,5YGY8feqx7naU7z4HrwZM6
1uNFoZAHBGtllmzznpCI3s,2yQf6b8hxahZaT5dHlWaB1
1uNFoZAHBGtllmzznpCI3s,23zg3TcAtWQy7J6upgbUnj
1uNFoZAHBGtllmzznpCI3s,6O74knDqdv3XaWtkII7Xjp
1uNFoZAHBGtllmzznpCI3s,4iHNK0tOyZPYnBU7nGAgpQ
1uNFoZAHBGtllmzznpCI3s,1YfEcTuGvBQ8xSD1f53UnK
1uNFoZAHBGtllmzznpCI3s,75FnCoo4FBxH5K1Rrx0k5A
1uNFoZAHBGtllmzznpCI3s,4iHNK0tOyZPYnBU7nGAgpQ
1uNFoZAHBGtllmzznpCI3s,6O74knDqdv3XaWtkII7Xjp
1uNFoZAHBGtllmzznpCI3s,3ipn9JLAPI5GUEo4y4jcoi
1uNFoZAHBGtllmzznpCI3s,6sjsQahFYXgmOmocbuHou3
1uNFoZAHBGtllmzznpCI3s,23zg3TcAtWQy7J6upgbUnj
1uNFoZAHBGtllmzznpCI3s,0xOeVMOz2fVg5BJY3N6akT
66CXWjxzNUsdJxJ2JdwvnR,5cj0lLjcoR7YOSnhnX0Po5
66CXWjxzNUsdJxJ2JdwvnR,1Xyo4u8uXC1ZmMpatF05PJ
66CXWjxzNUsdJxJ2JdwvnR,7c0XG5cIJTrrAgEC3ULPiq
66CXWjxzNUsdJxJ2JdwvnR,5cj0lLjcoR7YOSnhnX0Po5
66CXWjxzNUsdJxJ2JdwvnR,181bsRPaVXVlUKXrxwZfHK
5cj0lLjcoR7YOSnhnX0Po5,181bsRPaVXVlUKXrxwZfHK
66CXWjxzNUsdJxJ2JdwvnR,0hCNtLu0JehylgoiP8L4Gh
66CXWjxzNUsdJxJ2JdwvnR,0c173mlxpT3dSFRgMO8XPh
66CXWjxzNUsdJxJ2JdwvnR,73sIBHcqh3Z3NyqHKZ7FOL
66CXWjxzNUsdJxJ2JdwvnR,0hCNtLu0JehylgoiP8L4Gh
66CXWjxzNUsdJxJ2JdwvnR,2RdwBSPQiwcmiDo9kixcl8
66CXWjxzNUsdJxJ2JdwvnR,0hCNtLu0JehylgoiP8L4Gh
66CXWjxzNUsdJxJ2JdwvnR,2wIVse2owClT7go1WT98tk
66CXWjxzNUsdJxJ2JdwvnR,4LLpKhyESsyAXpc4laK94U
66CXWjxzNUsdJxJ2JdwvnR,1mGISDumAyOoK6epKA8gq1
4LLpKhyESsyAXpc4laK94U,1mGISDumAyOoK6epKA8gq1
66CXWjxzNUsdJxJ2JdwvnR,0hCNtLu0JehylgoiP8L4Gh
66CXWjxzNUsdJxJ2JdwvnR,55Aa2cqylxrFIXC767Z865
66CXWjxzNUsdJxJ2JdwvnR,4ylR3zwA0zaapAu94fktwa
66CXWjxzNUsdJxJ2JdwvnR,1RyvyyTE3xzB2ZywiAwp0i
66CXWjxzNUsdJxJ2JdwvnR,5yG7ZAZafVaAlMTeBybKAL
66CXWjxzNUsdJxJ2JdwvnR,2qxJFvFYMEDqd7ui6kSAcq
66CXWjxzNUsdJxJ2JdwvnR,0c173mlxpT3dSFRgMO8XPh
66CXWjxzNUsdJxJ2JdwvnR,2LZDXcxJWgsJfKXZv9a5eG
66CXWjxzNUsdJxJ2JdwvnR,73sIBHcqh3Z3NyqHKZ7FOL
66CXWjxzNUsdJxJ2JdwvnR,1Xyo4u8uXC1ZmMpatF05PJ
66CXWjxzNUsdJxJ2JdwvnR,5dHt1vcEm9qb8fCyLcB3HL
66CXWjxzNUsdJxJ2JdwvnR,3pgCLfNbw5ozIfoNsvDU7i
66CXWjxzNUsdJxJ2JdwvnR,1Xyo4u8uXC1ZmMpatF05PJ
66CXWjxzNUsdJxJ2JdwvnR,1mGISDumAyOoK6epKA8gq1
1Xyo4u8uXC1ZmMpatF05PJ,1mGISDumAyOoK6epKA8gq1
66CXWjxzNUsdJxJ2JdwvnR,5st4KKihmnSMLRsxWOs2x3
66CXWjxzNUsdJxJ2JdwvnR,4LLpKhyESsyAXpc4laK94U
66CXWjxzNUsdJxJ2JdwvnR,3XonXgjEAAXVl0WKLF1Z4g
4LLpKhyESsyAXpc4laK94U,3XonXgjEAAXVl0WKLF1Z4g
66CXWjxzNUsdJxJ2JdwvnR,0c173mlxpT3dSFRgMO8XPh
66CXWjxzNUsdJxJ2JdwvnR,0c173mlxpT3dSFRgMO8XPh
66CXWjxzNUsdJxJ2JdwvnR,0c5584rnmlOvkMpJtpBLTh
0c173mlxpT3dSFRgMO8XPh,0c5584rnmlOvkMpJtpBLTh
66CXWjxzNUsdJxJ2JdwvnR,36KGrt2XDHw4h56q7XvIpb
66CXWjxzNUsdJxJ2JdwvnR,5yG7ZAZafVaAlMTeBybKAL
66CXWjxzNUsdJxJ2JdwvnR,00kDlCFXcREeHOOnFACwDy
5yG7ZAZafVaAlMTeBybKAL,00kDlCFXcREeHOOnFACwDy
66CXWjxzNUsdJxJ2JdwvnR,5yG7ZAZafVaAlMTeBybKAL
66CXWjxzNUsdJxJ2JdwvnR,1vWImodgVqIgTUkekGEfR9
5yG7ZAZafVaAlMTeBybKAL,1vWImodgVqIgTUkekGEfR9
66CXWjxzNUsdJxJ2JdwvnR,5yG7ZAZafVaAlMTeBybKAL
66CXWjxzNUsdJxJ2JdwvnR,46GXASE9LHzyssNqKOInUu
5yG7ZAZafVaAlMTeBybKAL,46GXASE9LHzyssNqKOInUu
66CXWjxzNUsdJxJ2JdwvnR,2qxJFvFYMEDqd7ui6kSAcq
66CXWjxzNUsdJxJ2JdwvnR,1Xyo4u8uXC1ZmMpatF05PJ
66CXWjxzNUsdJxJ2JdwvnR,6P8jWEHhj6D96jjghZMlpV
1Xyo4u8uXC1ZmMpatF05PJ,6P8jWEHhj6D96jjghZMlpV
66CXWjxzNUsdJxJ2JdwvnR,1Xyo4u8uXC1ZmMpatF05PJ
66CXWjxzNUsdJxJ2JdwvnR,0l59CBSPDfKBXlyHya0pew
1Xyo4u8uXC1ZmMpatF05PJ,0l59CBSPDfKBXlyHya0pew
66CXWjxzNUsdJxJ2JdwvnR,1Xyo4u8uXC1ZmMpatF05PJ
66CXWjxzNUsdJxJ2JdwvnR,7hbhhKxV5iT4C9kQMEW507
1Xyo4u8uXC1ZmMpatF05PJ,7hbhhKxV5iT4C9kQMEW507
66CXWjxzNUsdJxJ2JdwvnR,4IS4EyXNmiI2w5SRCjMtEF
66CXWjxzNUsdJxJ2JdwvnR,6vJFQLD25Df5uZW77gVv0k
66CXWjxzNUsdJxJ2JdwvnR,0c173mlxpT3dSFRgMO8XPh
66CXWjxzNUsdJxJ2JdwvnR,4LLpKhyESsyAXpc4laK94U
66CXWjxzNUsdJxJ2JdwvnR,2Rf4X6m0oayCJhaJ5K63GQ
5MmVJVhhYKQ86izuGHzJYA,66CXWjxzNUsdJxJ2JdwvnR
66CXWjxzNUsdJxJ2JdwvnR,4LLpKhyESsyAXpc4laK94U
66CXWjxzNUsdJxJ2JdwvnR,4LLpKhyESsyAXpc4laK94U
7dGJo4pcD2V6oG8kP0tJRR,4MCBfE4596Uoi2O4DtmEMz
7dGJo4pcD2V6oG8kP0tJRR,6C1ohJrd5VydigQtaGy5Wa
77IURH5NC56Jn09QHi76is,0du5cEVh5yTK9QJze8zA0C
7dGJo4pcD2V6oG8kP0tJRR,6vWDO969PvNqNYHIOW5v0m
7dGJo4pcD2V6oG8kP0tJRR,5pKCCKE2ajJHZ9KAiaK11H
7dGJo4pcD2V6oG8kP0tJRR,1KCSPY1glIKqW2TotWuXOR
7dGJo4pcD2V6oG8kP0tJRR,0cGUm45nv7Z6M6qdXYQGTX
7dGJo4pcD2V6oG8kP0tJRR,5pKCCKE2ajJHZ9KAiaK11H
7dGJo4pcD2V6oG8kP0tJRR,6DPYiyq5kWVQS4RGwxzPC7
7dGJo4pcD2V6oG8kP0tJRR,3q7HBObVc0L8jNeTe5Gofh
6DPYiyq5kWVQS4RGwxzPC7,3q7HBObVc0L8jNeTe5Gofh
7dGJo4pcD2V6oG8kP0tJRR,3q7HBObVc0L8jNeTe5Gofh
7dGJo4pcD2V6oG8kP0tJRR,6eUKZXaKkcviH0Ku9w2n3V
68DWke2VjdDmA75aJX5C57,7dGJo4pcD2V6oG8kP0tJRR
7dGJo4pcD2V6oG8kP0tJRR,4yiQZ8tQPux8cPriYMWUFP
7dGJo4pcD2V6oG8kP0tJRR,55Aa2cqylxrFIXC767Z865
7dGJo4pcD2V6oG8kP0tJRR,1qUjOF5fzrpoNycD36b2jZ
7dGJo4pcD2V6oG8kP0tJRR,5nLYd9ST4Cnwy6NHaCxbj8
7dGJo4pcD2V6oG8kP0tJRR,3pOKAtM7TT5kGvFKkZN2QJ
7dGJo4pcD2V6oG8kP0tJRR,2XnnxQzxFZG8qEPjakokPM
7dGJo4pcD2V6oG8kP0tJRR,5jNmxPYz8QE5rYp4GDil8t
7dGJo4pcD2V6oG8kP0tJRR,5Qi4Bb7a8C0a00NZcA77L0
7dGJo4pcD2V6oG8kP0tJRR,6DPYiyq5kWVQS4RGwxzPC7
7dGJo4pcD2V6oG8kP0tJRR,1Oa0bMld0A3u5OTYfMzp5h
7dGJo4pcD2V6oG8kP0tJRR,4BmYRs3xOI8V1WCPDfxhQo
7dGJo4pcD2V6oG8kP0tJRR,1W7G3vXPeISR3Oi9ggVfyE
7dGJo4pcD2V6oG8kP0tJRR,1W7G3vXPeISR3Oi9ggVfyE
7dGJo4pcD2V6oG8kP0tJRR,4utLUGcTvOJFr6aqIJtYWV
7dGJo4pcD2V6oG8kP0tJRR,6GEykX11lQqp92UVOQQCC7
7dGJo4pcD2V6oG8kP0tJRR,7c0XG5cIJTrrAgEC3ULPiq
7dGJo4pcD2V6oG8kP0tJRR,6DPYiyq5kWVQS4RGwxzPC7
7dGJo4pcD2V6oG8kP0tJRR,7LzTBVNarOeaDXFdzOugAI
6DPYiyq5kWVQS4RGwxzPC7,7LzTBVNarOeaDXFdzOugAI
7dGJo4pcD2V6oG8kP0tJRR,2k6fdnEIyk7t8Mfg6SoRg1
7dGJo4pcD2V6oG8kP0tJRR,79KQgTCu4wV38ECYKn62DZ
7dGJo4pcD2V6oG8kP0tJRR,7LvoDJUNGnOrPdGRzVtOJ9
7dGJo4pcD2V6oG8kP0tJRR,6DVipHzYsPlIoA0DW8Gmns
7dGJo4pcD2V6oG8kP0tJRR,79KQgTCu4wV38ECYKn62DZ
6DVipHzYsPlIoA0DW8Gmns,79KQgTCu4wV38ECYKn62DZ
7dGJo4pcD2V6oG8kP0tJRR,6eUKZXaKkcviH0Ku9w2n3V
7dGJo4pcD2V6oG8kP0tJRR,4utLUGcTvOJFr6aqIJtYWV
7dGJo4pcD2V6oG8kP0tJRR,3jK9MiCrA42lLAdMGUZpwa
7dGJo4pcD2V6oG8kP0tJRR,4Gso3d4CscCijv0lmajZWs
7dGJo4pcD2V6oG8kP0tJRR,6DVipHzYsPlIoA0DW8Gmns
7dGJo4pcD2V6oG8kP0tJRR,3KedxarmBCyFBevnqQHy3P
7dGJo4pcD2V6oG8kP0tJRR,3KedxarmBCyFBevnqQHy3P
7dGJo4pcD2V6oG8kP0tJRR,6vWDO969PvNqNYHIOW5v0m
7dGJo4pcD2V6oG8kP0tJRR,0FTrIsp2Mg7Bkf8eXQrISa
7dGJo4pcD2V6oG8kP0tJRR,6eUKZXaKkcviH0Ku9w2n3V
7dGJo4pcD2V6oG8kP0tJRR,3DiDSECUqqY1AuBP8qtaIa
7dGJo4pcD2V6oG8kP0tJRR,3NPpFNZtSTHheNBaWC82rB
7dGJo4pcD2V6oG8kP0tJRR,4utLUGcTvOJFr6aqIJtYWV
7dGJo4pcD2V6oG8kP0tJRR,0cGUm45nv7Z6M6qdXYQGTX
7dGJo4pcD2V6oG8kP0tJRR,1KCSPY1glIKqW2TotWuXOR
7dGJo4pcD2V6oG8kP0tJRR,0FTrIsp2Mg7Bkf8eXQrISa
7dGJo4pcD2V6oG8kP0tJRR,3DiDSECUqqY1AuBP8qtaIa
7dGJo4pcD2V6oG8kP0tJRR,3NPpFNZtSTHheNBaWC82rB
7dGJo4pcD2V6oG8kP0tJRR,4utLUGcTvOJFr6aqIJtYWV
7dGJo4pcD2V6oG8kP0tJRR,1KCSPY1glIKqW2TotWuXOR
7dGJo4pcD2V6oG8kP0tJRR,3DiDSECUqqY1AuBP8qtaIa
7dGJo4pcD2V6oG8kP0tJRR,4utLUGcTvOJFr6aqIJtYWV
7dGJo4pcD2V6oG8kP0tJRR,5pKCCKE2ajJHZ9KAiaK11H
7dGJo4pcD2V6oG8kP0tJRR,2YZyLoL8N0Wb9xBt1NhZWg
7dGJo4pcD2V6oG8kP0tJRR,1qUjOF5fzrpoNycD36b2jZ
7dGJo4pcD2V6oG8kP0tJRR,2FsZnS8gQ8jG1HGnPYNlm9
7dGJo4pcD2V6oG8kP0tJRR,5WUlDfRSoLAfcVSX1WnrxN
7dGJo4pcD2V6oG8kP0tJRR,4utLUGcTvOJFr6aqIJtYWV
7dGJo4pcD2V6oG8kP0tJRR,1XNFcPvkDxMDRFnLz0vjZk
7dGJo4pcD2V6oG8kP0tJRR,1KCSPY1glIKqW2TotWuXOR
7dGJo4pcD2V6oG8kP0tJRR,55Aa2cqylxrFIXC767Z865
7dGJo4pcD2V6oG8kP0tJRR,5pKCCKE2ajJHZ9KAiaK11H
7dGJo4pcD2V6oG8kP0tJRR,5rVbcJv0JRfhWLA3mgM73r
7dGJo4pcD2V6oG8kP0tJRR,6DPYiyq5kWVQS4RGwxzPC7
7dGJo4pcD2V6oG8kP0tJRR,6DPYiyq5kWVQS4RGwxzPC7
7dGJo4pcD2V6oG8kP0tJRR,3q7HBObVc0L8jNeTe5Gofh
6DPYiyq5kWVQS4RGwxzPC7,3q7HBObVc0L8jNeTe5Gofh
7dGJo4pcD2V6oG8kP0tJRR,6DPYiyq5kWVQS4RGwxzPC7
7dGJo4pcD2V6oG8kP0tJRR,6DPYiyq5kWVQS4RGwxzPC7
7dGJo4pcD2V6oG8kP0tJRR,6DPYiyq5kWVQS4RGwxzPC7
7dGJo4pcD2V6oG8kP0tJRR,6DPYiyq5kWVQS4RGwxzPC7
7dGJo4pcD2V6oG8kP0tJRR,3q7HBObVc0L8jNeTe5Gofh
6DPYiyq5kWVQS4RGwxzPC7,3q7HBObVc0L8jNeTe5Gofh
2TSvMFHlguDI495vujOAys,546HEvI7r0RIJn6QgrTLEm
7dGJo4pcD2V6oG8kP0tJRR,3q7HBObVc0L8jNeTe5Gofh
1rKtdSLEWRyGiOF4knk8vU,4NhyK1Uoo8ScQOSl8x0jqI
2XnnxQzxFZG8qEPjakokPM,3PDMMt0Ip2WHysoAOEAdBq
0z4gvV4rjIZ9wHck67ucSV,6Oesi698iJRUaBeT82zckf
0z4gvV4rjIZ9wHck67ucSV,0adMhStQvE8H1B0IS45CJX
6Oesi698iJRUaBeT82zckf,0adMhStQvE8H1B0IS45CJX
7dGJo4pcD2V6oG8kP0tJRR,3q7HBObVc0L8jNeTe5Gofh
7dGJo4pcD2V6oG8kP0tJRR,1Oa0bMld0A3u5OTYfMzp5h
3q7HBObVc0L8jNeTe5Gofh,1Oa0bMld0A3u5OTYfMzp5h
7dGJo4pcD2V6oG8kP0tJRR,5Qi4Bb7a8C0a00NZcA77L0
7dGJo4pcD2V6oG8kP0tJRR,6DPYiyq5kWVQS4RGwxzPC7
7dGJo4pcD2V6oG8kP0tJRR,3q7HBObVc0L8jNeTe5Gofh
6DPYiyq5kWVQS4RGwxzPC7,3q7HBObVc0L8jNeTe5Gofh
7dGJo4pcD2V6oG8kP0tJRR,2XnnxQzxFZG8qEPjakokPM
7dGJo4pcD2V6oG8kP0tJRR,1Oa0bMld0A3u5OTYfMzp5h
7dGJo4pcD2V6oG8kP0tJRR,2VYQTNDsvvKN9wmU5W7xpj
7dGJo4pcD2V6oG8kP0tJRR,2mpeljBig2IXLXRAFO9AAs
7dGJo4pcD2V6oG8kP0tJRR,4XJl0Ba9LUbTemYMEYw794
7dGJo4pcD2V6oG8kP0tJRR,7uNtuhVl0QBCpOBG6WB4UE
7dGJo4pcD2V6oG8kP0tJRR,6NFWb2y6S7PH2yvs5xbO2y
7uNtuhVl0QBCpOBG6WB4UE,6NFWb2y6S7PH2yvs5xbO2y
7dGJo4pcD2V6oG8kP0tJRR,2TSvMFHlguDI495vujOAys
7dGJo4pcD2V6oG8kP0tJRR,5Qi4Bb7a8C0a00NZcA77L0
7dGJo4pcD2V6oG8kP0tJRR,6DPYiyq5kWVQS4RGwxzPC7
7dGJo4pcD2V6oG8kP0tJRR,3k00aazgj6dYcmOCtFm3PG
7dGJo4pcD2V6oG8kP0tJRR,1Y4xUiE2JutzTNXVTypyWQ
7dGJo4pcD2V6oG8kP0tJRR,29LUur2mpi5s0OdMueyuvO
7dGJo4pcD2V6oG8kP0tJRR,3VWX9qiAkIUd4vrUK0Q2LU
29LUur2mpi5s0OdMueyuvO,3VWX9qiAkIUd4vrUK0Q2LU
7dGJo4pcD2V6oG8kP0tJRR,0NHHBPPF40cVfX9u3ANdm1
7dGJo4pcD2V6oG8kP0tJRR,3VWX9qiAkIUd4vrUK0Q2LU
0NHHBPPF40cVfX9u3ANdm1,3VWX9qiAkIUd4vrUK0Q2LU
7dGJo4pcD2V6oG8kP0tJRR,29LUur2mpi5s0OdMueyuvO
7dGJo4pcD2V6oG8kP0tJRR,6DVipHzYsPlIoA0DW8Gmns
29LUur2mpi5s0OdMueyuvO,6DVipHzYsPlIoA0DW8Gmns
7dGJo4pcD2V6oG8kP0tJRR,6DVipHzYsPlIoA0DW8Gmns
7dGJo4pcD2V6oG8kP0tJRR,1AAcip6l0H4suu7RdAjFAH
7dGJo4pcD2V6oG8kP0tJRR,6DPYiyq5kWVQS4RGwxzPC7
7dGJo4pcD2V6oG8kP0tJRR,6DPYiyq5kWVQS4RGwxzPC7
7dGJo4pcD2V6oG8kP0tJRR,6DPYiyq5kWVQS4RGwxzPC7
7dGJo4pcD2V6oG8kP0tJRR,6DPYiyq5kWVQS4RGwxzPC7
7dGJo4pcD2V6oG8kP0tJRR,1Y4xUiE2JutzTNXVTypyWQ
7dGJo4pcD2V6oG8kP0tJRR,0NHHBPPF40cVfX9u3ANdm1
7dGJo4pcD2V6oG8kP0tJRR,3VWX9qiAkIUd4vrUK0Q2LU
0NHHBPPF40cVfX9u3ANdm1,3VWX9qiAkIUd4vrUK0Q2LU
246dkjvS1zLTtiykXe5h60,757aE44tKEUQEqRuT6GnEB
246dkjvS1zLTtiykXe5h60,5cj0lLjcoR7YOSnhnX0Po5
246dkjvS1zLTtiykXe5h60,2hlmm7s2ICUX0LVIhVFlZQ
246dkjvS1zLTtiykXe5h60,4EVpmkEwrLYEg6jIsiPMIb
246dkjvS1zLTtiykXe5h60,2tIP7SsRs7vjIcLrU85W8J
246dkjvS1zLTtiykXe5h60,1Xyo4u8uXC1ZmMpatF05PJ
246dkjvS1zLTtiykXe5h60,4r63FhuTkUYltbVAg5TQnk
246dkjvS1zLTtiykXe5h60,26VFTg2z8YR0cCuwLzESi2
246dkjvS1zLTtiykXe5h60,1RyvyyTE3xzB2ZywiAwp0i
26VFTg2z8YR0cCuwLzESi2,1RyvyyTE3xzB2ZywiAwp0i
246dkjvS1zLTtiykXe5h60,20sxb77xiYeusSH8cVdatc
246dkjvS1zLTtiykXe5h60,5f7VJjfbwm532GiveGC0ZK
20sxb77xiYeusSH8cVdatc,5f7VJjfbwm532GiveGC0ZK
246dkjvS1zLTtiykXe5h60,6ZLTlhejhndI4Rh53vYhrY
246dkjvS1zLTtiykXe5h60,0Y5tJX1MQlPlqiwlOH1tJY
6ZLTlhejhndI4Rh53vYhrY,0Y5tJX1MQlPlqiwlOH1tJY
246dkjvS1zLTtiykXe5h60,7tYKF4w9nC0nq9CsPZTHyP
246dkjvS1zLTtiykXe5h60,1zNqQNIdeOUZHb8zbZRFMX
246dkjvS1zLTtiykXe5h60,50co4Is1HCEo8bhOyUWKpn
246dkjvS1zLTtiykXe5h60,1zNqQNIdeOUZHb8zbZRFMX
246dkjvS1zLTtiykXe5h60,1URnnhqYAYcrqrcwql10ft
246dkjvS1zLTtiykXe5h60,7c0XG5cIJTrrAgEC3ULPiq
246dkjvS1zLTtiykXe5h60,0hCNtLu0JehylgoiP8L4Gh
246dkjvS1zLTtiykXe5h60,02kJSzxNuaWGqwubyUba0Z
246dkjvS1zLTtiykXe5h60,0A0FS04o6zMoto8OKPsDwY
02kJSzxNuaWGqwubyUba0Z,0A0FS04o6zMoto8OKPsDwY
246dkjvS1zLTtiykXe5h60,1zNqQNIdeOUZHb8zbZRFMX
246dkjvS1zLTtiykXe5h60,1URnnhqYAYcrqrcwql10ft
246dkjvS1zLTtiykXe5h60,7c0XG5cIJTrrAgEC3ULPiq
246dkjvS1zLTtiykXe5h60,0hCNtLu0JehylgoiP8L4Gh
246dkjvS1zLTtiykXe5h60,02kJSzxNuaWGqwubyUba0Z
246dkjvS1zLTtiykXe5h60,0A0FS04o6zMoto8OKPsDwY
02kJSzxNuaWGqwubyUba0Z,0A0FS04o6zMoto8OKPsDwY
246dkjvS1zLTtiykXe5h60,1uNFoZAHBGtllmzznpCI3s
246dkjvS1zLTtiykXe5h60,0cGUm45nv7Z6M6qdXYQGTX
246dkjvS1zLTtiykXe5h60,0VRj0yCOv2FXJNP47XQnx5
246dkjvS1zLTtiykXe5h60,17lzZA2AlOHwCwFALHttmp
3Nrfpe0tUJi4K4DXYWgMUX,26VFTg2z8YR0cCuwLzESi2
3Nrfpe0tUJi4K4DXYWgMUX,6sBiS0iWcCyMMgiYrEOxbt
3Nrfpe0tUJi4K4DXYWgMUX,5WUlDfRSoLAfcVSX1WnrxN
3Nrfpe0tUJi4K4DXYWgMUX,26VFTg2z8YR0cCuwLzESi2
3Nrfpe0tUJi4K4DXYWgMUX,26VFTg2z8YR0cCuwLzESi2
3Nrfpe0tUJi4K4DXYWgMUX,26VFTg2z8YR0cCuwLzESi2
3Nrfpe0tUJi4K4DXYWgMUX,77AiFEVeAVj2ORpC85QVJs
3Nrfpe0tUJi4K4DXYWgMUX,77AiFEVeAVj2ORpC85QVJs
3Nrfpe0tUJi4K4DXYWgMUX,0hCNtLu0JehylgoiP8L4Gh
3Nrfpe0tUJi4K4DXYWgMUX,77AiFEVeAVj2ORpC85QVJs
3Nrfpe0tUJi4K4DXYWgMUX,77AiFEVeAVj2ORpC85QVJs
3Nrfpe0tUJi4K4DXYWgMUX,6sBiS0iWcCyMMgiYrEOxbt
3Nrfpe0tUJi4K4DXYWgMUX,0js3wKXyi7RL11sfOykRt1
1vyhD5VmyZ7KMfW5gqLgo5,4SsVbpTthjScTS7U2hmr1X
1vyhD5VmyZ7KMfW5gqLgo5,77ziqFxp5gaInVrF2lj4ht
1vyhD5VmyZ7KMfW5gqLgo5,0eHQ9o50hj6ZDNBt6Ys1sD
1vyhD5VmyZ7KMfW5gqLgo5,7iK8PXO48WeuP03g8YR51W
1vyhD5VmyZ7KMfW5gqLgo5,6nVcHLIgY5pE2YCl8ubca1
1vyhD5VmyZ7KMfW5gqLgo5,2LRoIwlKmHjgvigdNGBHNo
1vyhD5VmyZ7KMfW5gqLgo5,21451j1KhjAiaYKflxBjr1
1vyhD5VmyZ7KMfW5gqLgo5,1i8SpTcr7yvPOmcqrbnVXY
1vyhD5VmyZ7KMfW5gqLgo5,5he5w2lnU9x7JFhnwcekXX
1vyhD5VmyZ7KMfW5gqLgo5,7tm9Tuc70geXOOyKhtZHIj
5he5w2lnU9x7JFhnwcekXX,7tm9Tuc70geXOOyKhtZHIj
1vyhD5VmyZ7KMfW5gqLgo5,5he5w2lnU9x7JFhnwcekXX
1vyhD5VmyZ7KMfW5gqLgo5,7B1LLuCQk13H4Mb6CFBftU
5he5w2lnU9x7JFhnwcekXX,7B1LLuCQk13H4Mb6CFBftU
1vyhD5VmyZ7KMfW5gqLgo5,5he5w2lnU9x7JFhnwcekXX
1vyhD5VmyZ7KMfW5gqLgo5,3nALc9PyUfe6CO3EY9bNhH
5he5w2lnU9x7JFhnwcekXX,3nALc9PyUfe6CO3EY9bNhH
1vyhD5VmyZ7KMfW5gqLgo5,5he5w2lnU9x7JFhnwcekXX
1vyhD5VmyZ7KMfW5gqLgo5,2kLa7JZu4Ijdz1Gle2khZh
5he5w2lnU9x7JFhnwcekXX,2kLa7JZu4Ijdz1Gle2khZh
1vyhD5VmyZ7KMfW5gqLgo5,51XrH5fQP2oIQynuKxSWcW
1vyhD5VmyZ7KMfW5gqLgo5,4TAoP0f9OuWZUesao43xUW
1vyhD5VmyZ7KMfW5gqLgo5,0XK6kT7xcZAlcYrNjOgzJe
1vyhD5VmyZ7KMfW5gqLgo5,7ltDVBr6mKbRvohxheJ9h1
1vyhD5VmyZ7KMfW5gqLgo5,1wZtkThiXbVNtj6hee6dz9
1vyhD5VmyZ7KMfW5gqLgo5,4VMYDCV2IEDYJArk749S6m
1vyhD5VmyZ7KMfW5gqLgo5,0eHQ9o50hj6ZDNBt6Ys1sD
7wU2WGCJ8HxkekHHE2QLul,1vyhD5VmyZ7KMfW5gqLgo5
1vyhD5VmyZ7KMfW5gqLgo5,7FNnA9vBm6EKceENgCGRMb
2zGf6lwQ9PxXdoeo5XXP2K,1vyhD5VmyZ7KMfW5gqLgo5
1vyhD5VmyZ7KMfW5gqLgo5,329e4yvIujISKGKz1BZZbO
1vyhD5VmyZ7KMfW5gqLgo5,3BnF35ARlp8mMeyXTjUZsr
1vyhD5VmyZ7KMfW5gqLgo5,5yjh35rXozitS6KLyjicLj
1vyhD5VmyZ7KMfW5gqLgo5,329e4yvIujISKGKz1BZZbO
1vyhD5VmyZ7KMfW5gqLgo5,329e4yvIujISKGKz1BZZbO
5K4W6rqBFWDnAN6FQUkS6x,74V3dE1a51skRkdII8y2C6
5K4W6rqBFWDnAN6FQUkS6x,2c9O21YLFy4tFI9zCVhbFg
5K4W6rqBFWDnAN6FQUkS6x,7c0XG5cIJTrrAgEC3ULPiq
5K4W6rqBFWDnAN6FQUkS6x,028lPW2NdWHdSPCkRkcyhd
7c0XG5cIJTrrAgEC3ULPiq,028lPW2NdWHdSPCkRkcyhd
5K4W6rqBFWDnAN6FQUkS6x,028lPW2NdWHdSPCkRkcyhd
5K4W6rqBFWDnAN6FQUkS6x,2ndyVAdV9UqF1XjyTJt484
5K4W6rqBFWDnAN6FQUkS6x,2J257euzcjnDLipsyJH3F2
5K4W6rqBFWDnAN6FQUkS6x,6I3M904Y9IwgDjrQ9pANiB
2J257euzcjnDLipsyJH3F2,6I3M904Y9IwgDjrQ9pANiB
2hPgGN4uhvXAxiXQBIXOmE,0ONHkAv9pCAFxb0zJwDNTy
2hPgGN4uhvXAxiXQBIXOmE,52lBOxCxbJg0ttXEW9CQpW
2hPgGN4uhvXAxiXQBIXOmE,7c0XG5cIJTrrAgEC3ULPiq
2hPgGN4uhvXAxiXQBIXOmE,6r2niOTnexy9xss5g8GWXH
5K4W6rqBFWDnAN6FQUkS6x,2HPaUgqeutzr3jx5a9WyDV
5K4W6rqBFWDnAN6FQUkS6x,2HPaUgqeutzr3jx5a9WyDV
3nFkdlSjzX9mRTtwJOzDYB,5K4W6rqBFWDnAN6FQUkS6x
3nFkdlSjzX9mRTtwJOzDYB,6vWDO969PvNqNYHIOW5v0m
5K4W6rqBFWDnAN6FQUkS6x,6vWDO969PvNqNYHIOW5v0m
3nFkdlSjzX9mRTtwJOzDYB,5K4W6rqBFWDnAN6FQUkS6x
3nFkdlSjzX9mRTtwJOzDYB,5K4W6rqBFWDnAN6FQUkS6x
3nFkdlSjzX9mRTtwJOzDYB,60df5JBRRPcnSpsIMxxwQm
5K4W6rqBFWDnAN6FQUkS6x,60df5JBRRPcnSpsIMxxwQm
3nFkdlSjzX9mRTtwJOzDYB,5K4W6rqBFWDnAN6FQUkS6x
3nFkdlSjzX9mRTtwJOzDYB,5K4W6rqBFWDnAN6FQUkS6x
3nFkdlSjzX9mRTtwJOzDYB,5K4W6rqBFWDnAN6FQUkS6x
3nFkdlSjzX9mRTtwJOzDYB,5K4W6rqBFWDnAN6FQUkS6x
3nFkdlSjzX9mRTtwJOzDYB,5K4W6rqBFWDnAN6FQUkS6x
3nFkdlSjzX9mRTtwJOzDYB,5K4W6rqBFWDnAN6FQUkS6x
3nFkdlSjzX9mRTtwJOzDYB,5K4W6rqBFWDnAN6FQUkS6x
3nFkdlSjzX9mRTtwJOzDYB,2h93pZq0e7k5yf4dywlkpM
5K4W6rqBFWDnAN6FQUkS6x,2h93pZq0e7k5yf4dywlkpM
3nFkdlSjzX9mRTtwJOzDYB,5K4W6rqBFWDnAN6FQUkS6x
3nFkdlSjzX9mRTtwJOzDYB,1zV9UjTUevjp5VUddqIUUn
5K4W6rqBFWDnAN6FQUkS6x,1zV9UjTUevjp5VUddqIUUn
3nFkdlSjzX9mRTtwJOzDYB,5K4W6rqBFWDnAN6FQUkS6x
5K4W6rqBFWDnAN6FQUkS6x,3nFkdlSjzX9mRTtwJOzDYB
3nFkdlSjzX9mRTtwJOzDYB,5K4W6rqBFWDnAN6FQUkS6x
3nFkdlSjzX9mRTtwJOzDYB,5K4W6rqBFWDnAN6FQUkS6x
3nFkdlSjzX9mRTtwJOzDYB,2AV6XDIs32ofIJhkkDevjm
5K4W6rqBFWDnAN6FQUkS6x,2AV6XDIs32ofIJhkkDevjm
3nFkdlSjzX9mRTtwJOzDYB,5K4W6rqBFWDnAN6FQUkS6x
3nFkdlSjzX9mRTtwJOzDYB,6vWDO969PvNqNYHIOW5v0m
5K4W6rqBFWDnAN6FQUkS6x,6vWDO969PvNqNYHIOW5v0m
3nFkdlSjzX9mRTtwJOzDYB,5K4W6rqBFWDnAN6FQUkS6x
3nFkdlSjzX9mRTtwJOzDYB,5K4W6rqBFWDnAN6FQUkS6x
3nFkdlSjzX9mRTtwJOzDYB,60df5JBRRPcnSpsIMxxwQm
5K4W6rqBFWDnAN6FQUkS6x,60df5JBRRPcnSpsIMxxwQm
3nFkdlSjzX9mRTtwJOzDYB,5K4W6rqBFWDnAN6FQUkS6x
3nFkdlSjzX9mRTtwJOzDYB,5K4W6rqBFWDnAN6FQUkS6x
3nFkdlSjzX9mRTtwJOzDYB,5K4W6rqBFWDnAN6FQUkS6x
3nFkdlSjzX9mRTtwJOzDYB,5K4W6rqBFWDnAN6FQUkS6x
3nFkdlSjzX9mRTtwJOzDYB,5K4W6rqBFWDnAN6FQUkS6x
3nFkdlSjzX9mRTtwJOzDYB,5K4W6rqBFWDnAN6FQUkS6x
3nFkdlSjzX9mRTtwJOzDYB,5K4W6rqBFWDnAN6FQUkS6x
3nFkdlSjzX9mRTtwJOzDYB,2h93pZq0e7k5yf4dywlkpM
5K4W6rqBFWDnAN6FQUkS6x,2h93pZq0e7k5yf4dywlkpM
3nFkdlSjzX9mRTtwJOzDYB,5K4W6rqBFWDnAN6FQUkS6x
3nFkdlSjzX9mRTtwJOzDYB,1zV9UjTUevjp5VUddqIUUn
5K4W6rqBFWDnAN6FQUkS6x,1zV9UjTUevjp5VUddqIUUn
3nFkdlSjzX9mRTtwJOzDYB,5K4W6rqBFWDnAN6FQUkS6x
5K4W6rqBFWDnAN6FQUkS6x,3nFkdlSjzX9mRTtwJOzDYB
3nFkdlSjzX9mRTtwJOzDYB,5K4W6rqBFWDnAN6FQUkS6x
3nFkdlSjzX9mRTtwJOzDYB,5K4W6rqBFWDnAN6FQUkS6x
3nFkdlSjzX9mRTtwJOzDYB,2AV6XDIs32ofIJhkkDevjm
5K4W6rqBFWDnAN6FQUkS6x,2AV6XDIs32ofIJhkkDevjm
5K4W6rqBFWDnAN6FQUkS6x,0fA0VVWsXO9YnASrzqfmYu
5K4W6rqBFWDnAN6FQUkS6x,2yQf6b8hxahZaT5dHlWaB1
0fA0VVWsXO9YnASrzqfmYu,2yQf6b8hxahZaT5dHlWaB1
5K4W6rqBFWDnAN6FQUkS6x,1sBkRIssrMs1AbVkOJbc7a
5K4W6rqBFWDnAN6FQUkS6x,5y2Xq6xcjJb2jVM54GHK3t
5K4W6rqBFWDnAN6FQUkS6x,4LEiUm1SRbFMgfqnQTwUbQ
5K4W6rqBFWDnAN6FQUkS6x,0fA0VVWsXO9YnASrzqfmYu
5K4W6rqBFWDnAN6FQUkS6x,2yQf6b8hxahZaT5dHlWaB1
0fA0VVWsXO9YnASrzqfmYu,2yQf6b8hxahZaT5dHlWaB1
5K4W6rqBFWDnAN6FQUkS6x,1sBkRIssrMs1AbVkOJbc7a
5K4W6rqBFWDnAN6FQUkS6x,0ONHkAv9pCAFxb0zJwDNTy
5K4W6rqBFWDnAN6FQUkS6x,5y2Xq6xcjJb2jVM54GHK3t
5K4W6rqBFWDnAN6FQUkS6x,4LEiUm1SRbFMgfqnQTwUbQ
5K4W6rqBFWDnAN6FQUkS6x,0fA0VVWsXO9YnASrzqfmYu
5K4W6rqBFWDnAN6FQUkS6x,4yBK75WVCQXej1p04GWqxH
5K4W6rqBFWDnAN6FQUkS6x,1zV9UjTUevjp5VUddqIUUn
5K4W6rqBFWDnAN6FQUkS6x,55Aa2cqylxrFIXC767Z865
5K4W6rqBFWDnAN6FQUkS6x,3aQeKQSyrW4qWr35idm0cy
5K4W6rqBFWDnAN6FQUkS6x,55Aa2cqylxrFIXC767Z865
5K4W6rqBFWDnAN6FQUkS6x,0Mz5XE0kb1GBnbLQm2VbcO
5K4W6rqBFWDnAN6FQUkS6x,7u6LfVyYpEzMpHLL7jTyvU
5K4W6rqBFWDnAN6FQUkS6x,6GEykX11lQqp92UVOQQCC7
5K4W6rqBFWDnAN6FQUkS6x,0LQoZQIV0mIs0y0XQb0Sw2
5K4W6rqBFWDnAN6FQUkS6x,0Mz5XE0kb1GBnbLQm2VbcO
5K4W6rqBFWDnAN6FQUkS6x,1i4q97Tz8xmGWJps51J7WT
0Mz5XE0kb1GBnbLQm2VbcO,1i4q97Tz8xmGWJps51J7WT
5K4W6rqBFWDnAN6FQUkS6x,0Mz5XE0kb1GBnbLQm2VbcO
5K4W6rqBFWDnAN6FQUkS6x,1i4q97Tz8xmGWJps51J7WT
0Mz5XE0kb1GBnbLQm2VbcO,1i4q97Tz8xmGWJps51J7WT
5K4W6rqBFWDnAN6FQUkS6x,01QTIT5P1pFP3QnnFSdsJf
5K4W6rqBFWDnAN6FQUkS6x,0NbfKEOTQCcwd6o7wSDOHI
5K4W6rqBFWDnAN6FQUkS6x,0k7Xl1pqI3tu8sSEjo5oEg
5K4W6rqBFWDnAN6FQUkS6x,2hZ6jVi1cao5VlJHAEPzU7
0k7Xl1pqI3tu8sSEjo5oEg,2hZ6jVi1cao5VlJHAEPzU7
5K4W6rqBFWDnAN6FQUkS6x,4bYPcJP5jwMhSivRcqie2n
5K4W6rqBFWDnAN6FQUkS6x,1lE6SEy8f84Zhjvp7r8yTD
5K4W6rqBFWDnAN6FQUkS6x,05oH07COxkXKIMt6mIPRee
5K4W6rqBFWDnAN6FQUkS6x,5KkgZ31b9eDwkvo9oMIrSm
5K4W6rqBFWDnAN6FQUkS6x,7iMvwE8qANp3aIfAGKEAwS
5KkgZ31b9eDwkvo9oMIrSm,7iMvwE8qANp3aIfAGKEAwS
5K4W6rqBFWDnAN6FQUkS6x,7LnaAXbDVIL75IVPnndf7w
5K4W6rqBFWDnAN6FQUkS6x,4bYPcJP5jwMhSivRcqie2n
5K4W6rqBFWDnAN6FQUkS6x,01QTIT5P1pFP3QnnFSdsJf
5K4W6rqBFWDnAN6FQUkS6x,7LnaAXbDVIL75IVPnndf7w
5K4W6rqBFWDnAN6FQUkS6x,0k7Xl1pqI3tu8sSEjo5oEg
5K4W6rqBFWDnAN6FQUkS6x,2hZ6jVi1cao5VlJHAEPzU7
0k7Xl1pqI3tu8sSEjo5oEg,2hZ6jVi1cao5VlJHAEPzU7
5K4W6rqBFWDnAN6FQUkS6x,2GHclqNVjqGuiE5mA7BEoc
5K4W6rqBFWDnAN6FQUkS6x,0NbfKEOTQCcwd6o7wSDOHI
5K4W6rqBFWDnAN6FQUkS6x,05oH07COxkXKIMt6mIPRee
5K4W6rqBFWDnAN6FQUkS6x,3nFkdlSjzX9mRTtwJOzDYB
5K4W6rqBFWDnAN6FQUkS6x,20qISvAhX20dpIbOOzGK3q
5K4W6rqBFWDnAN6FQUkS6x,69m0yjx8ruKebsRvbNuEDz
20qISvAhX20dpIbOOzGK3q,69m0yjx8ruKebsRvbNuEDz
5K4W6rqBFWDnAN6FQUkS6x,5KkgZ31b9eDwkvo9oMIrSm
5K4W6rqBFWDnAN6FQUkS6x,7iMvwE8qANp3aIfAGKEAwS
5KkgZ31b9eDwkvo9oMIrSm,7iMvwE8qANp3aIfAGKEAwS
5K4W6rqBFWDnAN6FQUkS6x,1lE6SEy8f84Zhjvp7r8yTD
5K4W6rqBFWDnAN6FQUkS6x,2hZ6jVi1cao5VlJHAEPzU7
5K4W6rqBFWDnAN6FQUkS6x,5KkgZ31b9eDwkvo9oMIrSm
2hZ6jVi1cao5VlJHAEPzU7,5KkgZ31b9eDwkvo9oMIrSm
5K4W6rqBFWDnAN6FQUkS6x,3nFkdlSjzX9mRTtwJOzDYB
5K4W6rqBFWDnAN6FQUkS6x,0hKpvarswO34Ks5iPNmEXn
3nFkdlSjzX9mRTtwJOzDYB,0hKpvarswO34Ks5iPNmEXn
5K4W6rqBFWDnAN6FQUkS6x,0lEssBAxQl2In4RpaB1C2Y
5K4W6rqBFWDnAN6FQUkS6x,2GHclqNVjqGuiE5mA7BEoc
0lEssBAxQl2In4RpaB1C2Y,2GHclqNVjqGuiE5mA7BEoc
6vbY3hOaCAhC7VjucswgdS,5K4W6rqBFWDnAN6FQUkS6x
6vbY3hOaCAhC7VjucswgdS,7LnaAXbDVIL75IVPnndf7w
5K4W6rqBFWDnAN6FQUkS6x,7LnaAXbDVIL75IVPnndf7w
5K4W6rqBFWDnAN6FQUkS6x,3ipn9JLAPI5GUEo4y4jcoi
5K4W6rqBFWDnAN6FQUkS6x,3nFkdlSjzX9mRTtwJOzDYB
5K4W6rqBFWDnAN6FQUkS6x,0hKpvarswO34Ks5iPNmEXn
3nFkdlSjzX9mRTtwJOzDYB,0hKpvarswO34Ks5iPNmEXn
4MCBfE4596Uoi2O4DtmEMz,1uNFoZAHBGtllmzznpCI3s
4MCBfE4596Uoi2O4DtmEMz,6AgTAQt8XS6jRWi4sX7w49
4MCBfE4596Uoi2O4DtmEMz,6Xgp2XMz1fhVYe7i6yNAax
6AgTAQt8XS6jRWi4sX7w49,6Xgp2XMz1fhVYe7i6yNAax
4MCBfE4596Uoi2O4DtmEMz,0ebNdVaOfp6N0oZ1guIxM8
4MCBfE4596Uoi2O4DtmEMz,3Nrfpe0tUJi4K4DXYWgMUX
0ebNdVaOfp6N0oZ1guIxM8,3Nrfpe0tUJi4K4DXYWgMUX
4MCBfE4596Uoi2O4DtmEMz,4O15NlyKLIASxsJ0PrXPfz
4MCBfE4596Uoi2O4DtmEMz,4O15NlyKLIASxsJ0PrXPfz
4MCBfE4596Uoi2O4DtmEMz,6Xgp2XMz1fhVYe7i6yNAax
4MCBfE4596Uoi2O4DtmEMz,26VFTg2z8YR0cCuwLzESi2
4MCBfE4596Uoi2O4DtmEMz,3tlXnStJ1fFhdScmQeLpuG
4MCBfE4596Uoi2O4DtmEMz,1fctva4kpRbg2k3v7kwRuS
4MCBfE4596Uoi2O4DtmEMz,5yy76ufVriyvidNSvXlRU1
1fctva4kpRbg2k3v7kwRuS,5yy76ufVriyvidNSvXlRU1
4MCBfE4596Uoi2O4DtmEMz,50co4Is1HCEo8bhOyUWKpn
1RyvyyTE3xzB2ZywiAwp0i,4MCBfE4596Uoi2O4DtmEMz
1RyvyyTE3xzB2ZywiAwp0i,4cmA2QDPdzh8W2ytpyUGes
4MCBfE4596Uoi2O4DtmEMz,4cmA2QDPdzh8W2ytpyUGes
1RyvyyTE3xzB2ZywiAwp0i,4MCBfE4596Uoi2O4DtmEMz
1RyvyyTE3xzB2ZywiAwp0i,4MCBfE4596Uoi2O4DtmEMz
1RyvyyTE3xzB2ZywiAwp0i,50co4Is1HCEo8bhOyUWKpn
4MCBfE4596Uoi2O4DtmEMz,50co4Is1HCEo8bhOyUWKpn
1RyvyyTE3xzB2ZywiAwp0i,55Aa2cqylxrFIXC767Z865
1RyvyyTE3xzB2ZywiAwp0i,4MCBfE4596Uoi2O4DtmEMz
1RyvyyTE3xzB2ZywiAwp0i,4MCBfE4596Uoi2O4DtmEMz
1RyvyyTE3xzB2ZywiAwp0i,6WkUZyqghQei2G809wMKuZ
4MCBfE4596Uoi2O4DtmEMz,6WkUZyqghQei2G809wMKuZ
1RyvyyTE3xzB2ZywiAwp0i,4MCBfE4596Uoi2O4DtmEMz
1RyvyyTE3xzB2ZywiAwp0i,4MCBfE4596Uoi2O4DtmEMz
1RyvyyTE3xzB2ZywiAwp0i,4MCBfE4596Uoi2O4DtmEMz
1RyvyyTE3xzB2ZywiAwp0i,4MCBfE4596Uoi2O4DtmEMz
1RyvyyTE3xzB2ZywiAwp0i,4MCBfE4596Uoi2O4DtmEMz
1RyvyyTE3xzB2ZywiAwp0i,2hlmm7s2ICUX0LVIhVFlZQ
4MCBfE4596Uoi2O4DtmEMz,2hlmm7s2ICUX0LVIhVFlZQ
1RyvyyTE3xzB2ZywiAwp0i,0hCNtLu0JehylgoiP8L4Gh
1RyvyyTE3xzB2ZywiAwp0i,4MCBfE4596Uoi2O4DtmEMz
4gzpq5DPGxSnKTe4SA8HAU,0FPWyyf6MD4QZTj3aypD3O
4gzpq5DPGxSnKTe4SA8HAU,0QWrMNukfcVOmgEU0FEDyD
0FPWyyf6MD4QZTj3aypD3O,0QWrMNukfcVOmgEU0FEDyD
4gzpq5DPGxSnKTe4SA8HAU,2o5jDhtHVPhrJdv3cEQ99Z
4gzpq5DPGxSnKTe4SA8HAU,4YXycRbyyAE0wozTk7QMEq
4gzpq5DPGxSnKTe4SA8HAU,5iNrZmtVMtYev5M9yoWpEq
4gzpq5DPGxSnKTe4SA8HAU,2b6Cbp1cgD0hwisrGbKsZJ
5YGY8feqx7naU7z4HrwZM6,6M2wZ9GZgrQXHCFfjv46we
6M2wZ9GZgrQXHCFfjv46we,6U3ybJ9UHNKEdsH7ktGBZ7
6M2wZ9GZgrQXHCFfjv46we,4TvhRzxIL1le2PWCeUqxQw
6M2wZ9GZgrQXHCFfjv46we,380fnmlGnkyueBMqGWx2k5
4TvhRzxIL1le2PWCeUqxQw,380fnmlGnkyueBMqGWx2k5
6M2wZ9GZgrQXHCFfjv46we,4TvhRzxIL1le2PWCeUqxQw
6M2wZ9GZgrQXHCFfjv46we,3NKVm2Jedcf6ibJr6pMUVx
4TvhRzxIL1le2PWCeUqxQw,3NKVm2Jedcf6ibJr6pMUVx
6M2wZ9GZgrQXHCFfjv46we,4TvhRzxIL1le2PWCeUqxQw
6M2wZ9GZgrQXHCFfjv46we,1YFLNH4rO40x9i16RpLwdY
4TvhRzxIL1le2PWCeUqxQw,1YFLNH4rO40x9i16RpLwdY
6M2wZ9GZgrQXHCFfjv46we,4TvhRzxIL1le2PWCeUqxQw
6M2wZ9GZgrQXHCFfjv46we,5Fkj0k7EPUhIsESSIEA9f1
4TvhRzxIL1le2PWCeUqxQw,5Fkj0k7EPUhIsESSIEA9f1
6M2wZ9GZgrQXHCFfjv46we,4TvhRzxIL1le2PWCeUqxQw
6M2wZ9GZgrQXHCFfjv46we,0u6h31HopxUAum6iOTVL17
4TvhRzxIL1le2PWCeUqxQw,0u6h31HopxUAum6iOTVL17
6M2wZ9GZgrQXHCFfjv46we,4TvhRzxIL1le2PWCeUqxQw
6M2wZ9GZgrQXHCFfjv46we,5MnToV7aAt2Zy9ag3DAsna
4TvhRzxIL1le2PWCeUqxQw,5MnToV7aAt2Zy9ag3DAsna
6M2wZ9GZgrQXHCFfjv46we,4TvhRzxIL1le2PWCeUqxQw
6M2wZ9GZgrQXHCFfjv46we,0dRiUTGvNV17AMIULRYsvn
4TvhRzxIL1le2PWCeUqxQw,0dRiUTGvNV17AMIULRYsvn
6M2wZ9GZgrQXHCFfjv46we,4TvhRzxIL1le2PWCeUqxQw
6M2wZ9GZgrQXHCFfjv46we,4CA8PTrbq1l5IgyvBA2JSV
4TvhRzxIL1le2PWCeUqxQw,4CA8PTrbq1l5IgyvBA2JSV
6M2wZ9GZgrQXHCFfjv46we,4TvhRzxIL1le2PWCeUqxQw
6M2wZ9GZgrQXHCFfjv46we,4TvhRzxIL1le2PWCeUqxQw
6M2wZ9GZgrQXHCFfjv46we,2RqrWplViWHSGLzlhmDcbt
4TvhRzxIL1le2PWCeUqxQw,2RqrWplViWHSGLzlhmDcbt
6M2wZ9GZgrQXHCFfjv46we,4TvhRzxIL1le2PWCeUqxQw
6M2wZ9GZgrQXHCFfjv46we,41MozSoPIsD1dJM0CLPjZF
4TvhRzxIL1le2PWCeUqxQw,41MozSoPIsD1dJM0CLPjZF
6M2wZ9GZgrQXHCFfjv46we,4TvhRzxIL1le2PWCeUqxQw
6M2wZ9GZgrQXHCFfjv46we,4SINYGzldpKMExpCjseS9o
4TvhRzxIL1le2PWCeUqxQw,4SINYGzldpKMExpCjseS9o
6M2wZ9GZgrQXHCFfjv46we,4TvhRzxIL1le2PWCeUqxQw
6M2wZ9GZgrQXHCFfjv46we,0dRiUTGvNV17AMIULRYsvn
4TvhRzxIL1le2PWCeUqxQw,0dRiUTGvNV17AMIULRYsvn
6M2wZ9GZgrQXHCFfjv46we,360IAlyVv4PCEVjgyMZrxK
6M2wZ9GZgrQXHCFfjv46we,41MozSoPIsD1dJM0CLPjZF
7CajNmpbOovFoOoasH2HaY,6M2wZ9GZgrQXHCFfjv46we
2X97ZAqRKRMYFIDqtvGgGc,6M2wZ9GZgrQXHCFfjv46we
3Isy6kedDrgPYoTS1dazA9,6M2wZ9GZgrQXHCFfjv46we
6M2wZ9GZgrQXHCFfjv46we,360IAlyVv4PCEVjgyMZrxK
60d24wfXkVzDSfLS6hyCjZ,6M2wZ9GZgrQXHCFfjv46we
53XhwfbYqKCa1cC15pYq2q,3kVUvbeRdcrqQ3oHk5hPdx
53XhwfbYqKCa1cC15pYq2q,0rlKkLkpsCnJbZethGBfAk
3kVUvbeRdcrqQ3oHk5hPdx,0rlKkLkpsCnJbZethGBfAk
53XhwfbYqKCa1cC15pYq2q,7vWC03wqXwUqjPON8hc1tz
53XhwfbYqKCa1cC15pYq2q,4AGwPDdh1y8hochNzHy5HC
53XhwfbYqKCa1cC15pYq2q,1eHQF7PdDPMui44jY2npaU
53XhwfbYqKCa1cC15pYq2q,21SOnTj5ECwVXeBUTRcP3s
53XhwfbYqKCa1cC15pYq2q,3836OTICMPjhTMMcpPw4EC
53XhwfbYqKCa1cC15pYq2q,2YZyLoL8N0Wb9xBt1NhZWg
15UsOTVnJzReFVN1VCnxy4,2rhFzFmezpnW82MNqEKVry
15UsOTVnJzReFVN1VCnxy4,21WS9wngs9AqFckK7yYJPM
15UsOTVnJzReFVN1VCnxy4,6Xgp2XMz1fhVYe7i6yNAax
21WS9wngs9AqFckK7yYJPM,6Xgp2XMz1fhVYe7i6yNAax
15UsOTVnJzReFVN1VCnxy4,55Aa2cqylxrFIXC767Z865
15UsOTVnJzReFVN1VCnxy4,1sBkRIssrMs1AbVkOJbc7a
15UsOTVnJzReFVN1VCnxy4,0zPILh9oEH0fDagpkHTQQ8
15UsOTVnJzReFVN1VCnxy4,55fhWPvDiMpLnE4ZzNXZyW
15UsOTVnJzReFVN1VCnxy4,75q3USMHhXwAcZWZnl9fGi
15UsOTVnJzReFVN1VCnxy4,2jku7tDXc6XoB6MO2hFuqg
15UsOTVnJzReFVN1VCnxy4,0eezS9KmhdjGN436RdTIXu
2jku7tDXc6XoB6MO2hFuqg,0eezS9KmhdjGN436RdTIXu
15UsOTVnJzReFVN1VCnxy4,5bCwYvvFvWOEXtO9W7p0Iv
15UsOTVnJzReFVN1VCnxy4,0oZASNXz7lmZGoXFh8GnZM
15UsOTVnJzReFVN1VCnxy4,2P5sC9cVZDToPxyomzF1UH
0oZASNXz7lmZGoXFh8GnZM,2P5sC9cVZDToPxyomzF1UH
15UsOTVnJzReFVN1VCnxy4,42yf4QkiE9a252krn9OUCb
15UsOTVnJzReFVN1VCnxy4,7CCjtD0hCK005Bvg2WG1a7
42yf4QkiE9a252krn9OUCb,7CCjtD0hCK005Bvg2WG1a7
15UsOTVnJzReFVN1VCnxy4,3IWWEdcjhQ3aU6WIk7XdgZ
15UsOTVnJzReFVN1VCnxy4,6C1ohJrd5VydigQtaGy5Wa
15UsOTVnJzReFVN1VCnxy4,4rG2LxSJpps1aGz2w14UI6
15UsOTVnJzReFVN1VCnxy4,6FBDaR13swtiWwGhX1WQsP
15UsOTVnJzReFVN1VCnxy4,2P5sC9cVZDToPxyomzF1UH
15UsOTVnJzReFVN1VCnxy4,4exLIFE8sISLr28sqG1qNX
15UsOTVnJzReFVN1VCnxy4,2J6pigOrBmKQgqJUY5UM7r
15UsOTVnJzReFVN1VCnxy4,21WS9wngs9AqFckK7yYJPM
15UsOTVnJzReFVN1VCnxy4,4exLIFE8sISLr28sqG1qNX
15UsOTVnJzReFVN1VCnxy4,2OaHYHb2XcFPvqL3VsyPzU
19uEVh7y7Y9RfjMphMamXc,5bCwYvvFvWOEXtO9W7p0Iv
19uEVh7y7Y9RfjMphMamXc,0zPILh9oEH0fDagpkHTQQ8
5bCwYvvFvWOEXtO9W7p0Iv,0zPILh9oEH0fDagpkHTQQ8
57SA5Qv24Vydwd6bJnV8fI,6kYViCeiqcUZXgPVdCIKBi
57SA5Qv24Vydwd6bJnV8fI,7KduBCxhfAMiQlhMOHL3IZ
6kYViCeiqcUZXgPVdCIKBi,7KduBCxhfAMiQlhMOHL3IZ
7vIKNKDEh3HF9LbBVq3IP3,1xydRZbuoNd2yasgg5BKpA
0O1cTzccAEKaEFShgzAK9V,19uEVh7y7Y9RfjMphMamXc
0O1cTzccAEKaEFShgzAK9V,6HhsbprrJmKeaH8SgSlGge
19uEVh7y7Y9RfjMphMamXc,6HhsbprrJmKeaH8SgSlGge
6kYViCeiqcUZXgPVdCIKBi,5bCwYvvFvWOEXtO9W7p0Iv
6kYViCeiqcUZXgPVdCIKBi,5bCwYvvFvWOEXtO9W7p0Iv
6kYViCeiqcUZXgPVdCIKBi,3UsKuHTLGkO916MrS3medi
5bCwYvvFvWOEXtO9W7p0Iv,3UsKuHTLGkO916MrS3medi
0zPILh9oEH0fDagpkHTQQ8,19uEVh7y7Y9RfjMphMamXc
0zPILh9oEH0fDagpkHTQQ8,5bCwYvvFvWOEXtO9W7p0Iv
19uEVh7y7Y9RfjMphMamXc,5bCwYvvFvWOEXtO9W7p0Iv
0O1cTzccAEKaEFShgzAK9V,15UsOTVnJzReFVN1VCnxy4
0O1cTzccAEKaEFShgzAK9V,2rhFzFmezpnW82MNqEKVry
15UsOTVnJzReFVN1VCnxy4,2rhFzFmezpnW82MNqEKVry
5BaOR2VytDGnlfapC7jkmy,0O1cTzccAEKaEFShgzAK9V
5BaOR2VytDGnlfapC7jkmy,7KduBCxhfAMiQlhMOHL3IZ
0O1cTzccAEKaEFShgzAK9V,7KduBCxhfAMiQlhMOHL3IZ
19uEVh7y7Y9RfjMphMamXc,6HhsbprrJmKeaH8SgSlGge
19uEVh7y7Y9RfjMphMamXc,5jugTr328dC7v56tIGoLcZ
6HhsbprrJmKeaH8SgSlGge,5jugTr328dC7v56tIGoLcZ
19uEVh7y7Y9RfjMphMamXc,6HhsbprrJmKeaH8SgSlGge
15UsOTVnJzReFVN1VCnxy4,0zPILh9oEH0fDagpkHTQQ8
15UsOTVnJzReFVN1VCnxy4,5K4W6rqBFWDnAN6FQUkS6x
15UsOTVnJzReFVN1VCnxy4,4exLIFE8sISLr28sqG1qNX
5K4W6rqBFWDnAN6FQUkS6x,4exLIFE8sISLr28sqG1qNX
15UsOTVnJzReFVN1VCnxy4,2P5sC9cVZDToPxyomzF1UH
15UsOTVnJzReFVN1VCnxy4,4exLIFE8sISLr28sqG1qNX
15UsOTVnJzReFVN1VCnxy4,2J6pigOrBmKQgqJUY5UM7r
15UsOTVnJzReFVN1VCnxy4,21WS9wngs9AqFckK7yYJPM
15UsOTVnJzReFVN1VCnxy4,6Xgp2XMz1fhVYe7i6yNAax
15UsOTVnJzReFVN1VCnxy4,2rhFzFmezpnW82MNqEKVry
15UsOTVnJzReFVN1VCnxy4,2rhFzFmezpnW82MNqEKVry
15UsOTVnJzReFVN1VCnxy4,2rhFzFmezpnW82MNqEKVry
15UsOTVnJzReFVN1VCnxy4,2rhFzFmezpnW82MNqEKVry
15UsOTVnJzReFVN1VCnxy4,57SA5Qv24Vydwd6bJnV8fI
15UsOTVnJzReFVN1VCnxy4,5bCwYvvFvWOEXtO9W7p0Iv
57SA5Qv24Vydwd6bJnV8fI,5bCwYvvFvWOEXtO9W7p0Iv
15UsOTVnJzReFVN1VCnxy4,2rhFzFmezpnW82MNqEKVry
15UsOTVnJzReFVN1VCnxy4,6HhsbprrJmKeaH8SgSlGge
15UsOTVnJzReFVN1VCnxy4,0zPILh9oEH0fDagpkHTQQ8
6HhsbprrJmKeaH8SgSlGge,0zPILh9oEH0fDagpkHTQQ8
57SA5Qv24Vydwd6bJnV8fI,15UsOTVnJzReFVN1VCnxy4
6HhsbprrJmKeaH8SgSlGge,15UsOTVnJzReFVN1VCnxy4
0O1cTzccAEKaEFShgzAK9V,6HhsbprrJmKeaH8SgSlGge
6kYViCeiqcUZXgPVdCIKBi,6HhsbprrJmKeaH8SgSlGge
6HhsbprrJmKeaH8SgSlGge,0zPILh9oEH0fDagpkHTQQ8
6HhsbprrJmKeaH8SgSlGge,4rG2LxSJpps1aGz2w14UI6
0zPILh9oEH0fDagpkHTQQ8,4rG2LxSJpps1aGz2w14UI6
0O1cTzccAEKaEFShgzAK9V,57SA5Qv24Vydwd6bJnV8fI
0O1cTzccAEKaEFShgzAK9V,4fLmST6ZjLgJZ3sMiQEhRs
57SA5Qv24Vydwd6bJnV8fI,4fLmST6ZjLgJZ3sMiQEhRs
57SA5Qv24Vydwd6bJnV8fI,7KduBCxhfAMiQlhMOHL3IZ
57SA5Qv24Vydwd6bJnV8fI,2rhFzFmezpnW82MNqEKVry
7KduBCxhfAMiQlhMOHL3IZ,2rhFzFmezpnW82MNqEKVry
15UsOTVnJzReFVN1VCnxy4,2rhFzFmezpnW82MNqEKVry
1i8SpTcr7yvPOmcqrbnVXY,4QVBYiagIaa6ZGSPMbybpy
1i8SpTcr7yvPOmcqrbnVXY,1UjxAZqzphB1tsMb1aWBj0
1i8SpTcr7yvPOmcqrbnVXY,1tfhFc2Y8iplDKCteuXjCY
1i8SpTcr7yvPOmcqrbnVXY,0f6U482Lbo91QNqNFH4Tat
2R21vXR83lH98kGeO99Y66,1i8SpTcr7yvPOmcqrbnVXY
2R21vXR83lH98kGeO99Y66,1i8SpTcr7yvPOmcqrbnVXY
2R21vXR83lH98kGeO99Y66,1i8SpTcr7yvPOmcqrbnVXY
2R21vXR83lH98kGeO99Y66,1i8SpTcr7yvPOmcqrbnVXY
2R21vXR83lH98kGeO99Y66,1i8SpTcr7yvPOmcqrbnVXY
2R21vXR83lH98kGeO99Y66,1i8SpTcr7yvPOmcqrbnVXY
2R21vXR83lH98kGeO99Y66,1i8SpTcr7yvPOmcqrbnVXY
2R21vXR83lH98kGeO99Y66,1i8SpTcr7yvPOmcqrbnVXY
2R21vXR83lH98kGeO99Y66,1i8SpTcr7yvPOmcqrbnVXY
2R21vXR83lH98kGeO99Y66,1i8SpTcr7yvPOmcqrbnVXY
2R21vXR83lH98kGeO99Y66,1i8SpTcr7yvPOmcqrbnVXY
2R21vXR83lH98kGeO99Y66,1i8SpTcr7yvPOmcqrbnVXY
1i8SpTcr7yvPOmcqrbnVXY,4VMYDCV2IEDYJArk749S6m
1i8SpTcr7yvPOmcqrbnVXY,5cj0lLjcoR7YOSnhnX0Po5
1i8SpTcr7yvPOmcqrbnVXY,5WUlDfRSoLAfcVSX1WnrxN
5cj0lLjcoR7YOSnhnX0Po5,5WUlDfRSoLAfcVSX1WnrxN
1i8SpTcr7yvPOmcqrbnVXY,21451j1KhjAiaYKflxBjr1
1i8SpTcr7yvPOmcqrbnVXY,1vyhD5VmyZ7KMfW5gqLgo5
1i8SpTcr7yvPOmcqrbnVXY,37230BxxYs9ksS7OkZw3IU
1vyhD5VmyZ7KMfW5gqLgo5,37230BxxYs9ksS7OkZw3IU
1i8SpTcr7yvPOmcqrbnVXY,1SupJlEpv7RS2tPNRaHViT
1i8SpTcr7yvPOmcqrbnVXY,0EFisYRi20PTADoJrifHrz
1i8SpTcr7yvPOmcqrbnVXY,790FomKkXshlbRYZFtlgla
1i8SpTcr7yvPOmcqrbnVXY,7iK8PXO48WeuP03g8YR51W
790FomKkXshlbRYZFtlgla,7iK8PXO48WeuP03g8YR51W
1i8SpTcr7yvPOmcqrbnVXY,4PXThoWa6Eg0a1Cui7KJee
1i8SpTcr7yvPOmcqrbnVXY,77ziqFxp5gaInVrF2lj4ht
1i8SpTcr7yvPOmcqrbnVXY,59wfkuBoNyhDMQGCljbUbA
1i8SpTcr7yvPOmcqrbnVXY,540vIaP2JwjQb9dm3aArA4
59wfkuBoNyhDMQGCljbUbA,540vIaP2JwjQb9dm3aArA4
1i8SpTcr7yvPOmcqrbnVXY,2R21vXR83lH98kGeO99Y66
1i8SpTcr7yvPOmcqrbnVXY,7hJcb9fa4alzcOq3EaNPoG
2R21vXR83lH98kGeO99Y66,7hJcb9fa4alzcOq3EaNPoG
1i8SpTcr7yvPOmcqrbnVXY,1zNqQNIdeOUZHb8zbZRFMX
1i8SpTcr7yvPOmcqrbnVXY,0KPX4Ucy9dk82uj4GpKesn
1i8SpTcr7yvPOmcqrbnVXY,1SupJlEpv7RS2tPNRaHViT
0KPX4Ucy9dk82uj4GpKesn,1SupJlEpv7RS2tPNRaHViT
1i8SpTcr7yvPOmcqrbnVXY,2tYwhzzfvvDr29BbBFcHhB
1i8SpTcr7yvPOmcqrbnVXY,0tmwSHipWxN12fsoLcFU3B
1i8SpTcr7yvPOmcqrbnVXY,3E6xrwgnVfYCrCs0ePERDz
1i8SpTcr7yvPOmcqrbnVXY,0eHQ9o50hj6ZDNBt6Ys1sD
3E6xrwgnVfYCrCs0ePERDz,0eHQ9o50hj6ZDNBt6Ys1sD
1i8SpTcr7yvPOmcqrbnVXY,5lwmRuXgjX8xIwlnauTZIP
1i8SpTcr7yvPOmcqrbnVXY,2R21vXR83lH98kGeO99Y66
1i8SpTcr7yvPOmcqrbnVXY,1vyhD5VmyZ7KMfW5gqLgo5
1i8SpTcr7yvPOmcqrbnVXY,1GDbiv3spRmZ1XdM1jQbT7
1vyhD5VmyZ7KMfW5gqLgo5,1GDbiv3spRmZ1XdM1jQbT7
1i8SpTcr7yvPOmcqrbnVXY,0z4gvV4rjIZ9wHck67ucSV
1i8SpTcr7yvPOmcqrbnVXY,1SupJlEpv7RS2tPNRaHViT
1i8SpTcr7yvPOmcqrbnVXY,4kYSro6naA4h99UJvo89HB
1i8SpTcr7yvPOmcqrbnVXY,2R21vXR83lH98kGeO99Y66
1i8SpTcr7yvPOmcqrbnVXY,3jFjgKOGfVLWfXX8q5wrsg
1i8SpTcr7yvPOmcqrbnVXY,1SupJlEpv7RS2tPNRaHViT
1i8SpTcr7yvPOmcqrbnVXY,21451j1KhjAiaYKflxBjr1
1i8SpTcr7yvPOmcqrbnVXY,1vyhD5VmyZ7KMfW5gqLgo5
1i8SpTcr7yvPOmcqrbnVXY,3EiLUeyEcA6fbRPSHkG5kb
1i8SpTcr7yvPOmcqrbnVXY,2R21vXR83lH98kGeO99Y66
6LuN9FCkKOj5PcnpouEgny,3DiDSECUqqY1AuBP8qtaIa
6LuN9FCkKOj5PcnpouEgny,3sHS70DMNgPxRqx2fUNrRA
6LuN9FCkKOj5PcnpouEgny,7jZMxhsB8djyIbYmoiJSTs
6LuN9FCkKOj5PcnpouEgny,6nS5roXSAGhTGr34W6n7Et
6LuN9FCkKOj5PcnpouEgny,3bnpcWBcvlfq4hPFJjNPbz
6LuN9FCkKOj5PcnpouEgny,0hEurMDQu99nJRq8pTxO14
6LuN9FCkKOj5PcnpouEgny,5QuBVnBPEzwYvFrgBbwpmU
6LuN9FCkKOj5PcnpouEgny,55Aa2cqylxrFIXC767Z865
6LuN9FCkKOj5PcnpouEgny,0cGUm45nv7Z6M6qdXYQGTX
55Aa2cqylxrFIXC767Z865,0cGUm45nv7Z6M6qdXYQGTX
3Z3OTfxYdBnJKMXFbRjmU2,3QVB7ctBlqEFuQZeMDt6Qh
0XFgM33h3Ls5tj1M9IKUWd,24eDfi2MSYo3A87hCcgpIL
3p3jPcp8b7WL9XYj4xlsWj,3crnzLy8R4lVwaigKEOz7V
3Qh89pgJeZq6d8uM1bTot3,6vKEwTQ0TVz0aJoobvLG1Y
2eSQStXY58BrvMNOWJcIrr,1RyvyyTE3xzB2ZywiAwp0i
048LktY5zMnakWq7PTtFrz,78rUTD7y6Cy67W1RVzYs7t
59gzAeE63TMTxOdjU3Ew0K,46pWGuE3dSwY3bMMXGBvVS
4QFG9KrGWEbr6hNA58CAqE,46pWGuE3dSwY3bMMXGBvVS
4nnXe6ziB1bhuKtsRUPVoz,0XFgM33h3Ls5tj1M9IKUWd
5pKCCKE2ajJHZ9KAiaK11H,7tYKF4w9nC0nq9CsPZTHyP
5pKCCKE2ajJHZ9KAiaK11H,3TVXtAsR1Inumwj472S9r4
5pKCCKE2ajJHZ9KAiaK11H,1RyvyyTE3xzB2ZywiAwp0i
5pKCCKE2ajJHZ9KAiaK11H,1Cs0zKBU1kc0i8ypK3B9ai
5pKCCKE2ajJHZ9KAiaK11H,1buzCmyYZE4kcdLRudsb8V
5pKCCKE2ajJHZ9KAiaK11H,7bXgB6jMjp9ATFy66eO08Z
5pKCCKE2ajJHZ9KAiaK11H,1vWImodgVqIgTUkekGEfR9
5pKCCKE2ajJHZ9KAiaK11H,3k8vhKepBT8rNmDEJTGMTm
1vWImodgVqIgTUkekGEfR9,3k8vhKepBT8rNmDEJTGMTm
5pKCCKE2ajJHZ9KAiaK11H,1vWImodgVqIgTUkekGEfR9
5pKCCKE2ajJHZ9KAiaK11H,3k8vhKepBT8rNmDEJTGMTm
1vWImodgVqIgTUkekGEfR9,3k8vhKepBT8rNmDEJTGMTm
5pKCCKE2ajJHZ9KAiaK11H,0l59CBSPDfKBXlyHya0pew
5pKCCKE2ajJHZ9KAiaK11H,6oZvk0wRufXkBhyWhg8LjG
0l59CBSPDfKBXlyHya0pew,6oZvk0wRufXkBhyWhg8LjG
5pKCCKE2ajJHZ9KAiaK11H,7dGJo4pcD2V6oG8kP0tJRR
5pKCCKE2ajJHZ9KAiaK11H,1RyvyyTE3xzB2ZywiAwp0i
5pKCCKE2ajJHZ9KAiaK11H,1Cs0zKBU1kc0i8ypK3B9ai
5pKCCKE2ajJHZ9KAiaK11H,1buzCmyYZE4kcdLRudsb8V
5pKCCKE2ajJHZ9KAiaK11H,7bXgB6jMjp9ATFy66eO08Z
5pKCCKE2ajJHZ9KAiaK11H,7CajNmpbOovFoOoasH2HaY
5pKCCKE2ajJHZ9KAiaK11H,3nFkdlSjzX9mRTtwJOzDYB
5pKCCKE2ajJHZ9KAiaK11H,3nFkdlSjzX9mRTtwJOzDYB
5pKCCKE2ajJHZ9KAiaK11H,3TVXtAsR1Inumwj472S9r4
5pKCCKE2ajJHZ9KAiaK11H,0hCNtLu0JehylgoiP8L4Gh
5pKCCKE2ajJHZ9KAiaK11H,7dGJo4pcD2V6oG8kP0tJRR
5pKCCKE2ajJHZ9KAiaK11H,3IoIRHbV0weqdZmN6ewOtH
5pKCCKE2ajJHZ9KAiaK11H,7hEDdJUgflzNOt4ow0OnuC
3IoIRHbV0weqdZmN6ewOtH,7hEDdJUgflzNOt4ow0OnuC
5pKCCKE2ajJHZ9KAiaK11H,6XdUl9SNdiDBbZhZ1B9ubn
5pKCCKE2ajJHZ9KAiaK11H,6XdUl9SNdiDBbZhZ1B9ubn
5pKCCKE2ajJHZ9KAiaK11H,6XdUl9SNdiDBbZhZ1B9ubn
5pKCCKE2ajJHZ9KAiaK11H,6XdUl9SNdiDBbZhZ1B9ubn
5pKCCKE2ajJHZ9KAiaK11H,085pc2PYOi8bGKj0PNjekA
5pKCCKE2ajJHZ9KAiaK11H,6XdUl9SNdiDBbZhZ1B9ubn
085pc2PYOi8bGKj0PNjekA,6XdUl9SNdiDBbZhZ1B9ubn
5pKCCKE2ajJHZ9KAiaK11H,6XdUl9SNdiDBbZhZ1B9ubn
5pKCCKE2ajJHZ9KAiaK11H,4yBK75WVCQXej1p04GWqxH
5pKCCKE2ajJHZ9KAiaK11H,6XdUl9SNdiDBbZhZ1B9ubn
4yBK75WVCQXej1p04GWqxH,6XdUl9SNdiDBbZhZ1B9ubn
5pKCCKE2ajJHZ9KAiaK11H,6XdUl9SNdiDBbZhZ1B9ubn
5pKCCKE2ajJHZ9KAiaK11H,6XdUl9SNdiDBbZhZ1B9ubn
5pKCCKE2ajJHZ9KAiaK11H,6XdUl9SNdiDBbZhZ1B9ubn
5pKCCKE2ajJHZ9KAiaK11H,3IoIRHbV0weqdZmN6ewOtH
5pKCCKE2ajJHZ9KAiaK11H,7hEDdJUgflzNOt4ow0OnuC
3IoIRHbV0weqdZmN6ewOtH,7hEDdJUgflzNOt4ow0OnuC
5pKCCKE2ajJHZ9KAiaK11H,1oImAc6GWpVa0QUbH7XcH5
5pKCCKE2ajJHZ9KAiaK11H,4yBK75WVCQXej1p04GWqxH
5pKCCKE2ajJHZ9KAiaK11H,4Cqia9vrAbm7ANXbJGXsTE
5pKCCKE2ajJHZ9KAiaK11H,085pc2PYOi8bGKj0PNjekA
5pKCCKE2ajJHZ9KAiaK11H,4sJZ6ajoXpzvG6chtoREoD
5pKCCKE2ajJHZ9KAiaK11H,2fLCjXwadBsnYmn05uxFpi
5pKCCKE2ajJHZ9KAiaK11H,7I6gLWts7TQE7CWkZtHFbu
5pKCCKE2ajJHZ9KAiaK11H,2w3odFHYxnYfu5WoAmmefy
5pKCCKE2ajJHZ9KAiaK11H,21E3waRsmPlU7jZsS13rcj
5pKCCKE2ajJHZ9KAiaK11H,4O1s9iVG46lSn1mD9ek1ES
21E3waRsmPlU7jZsS13rcj,4O1s9iVG46lSn1mD9ek1ES
5pKCCKE2ajJHZ9KAiaK11H,2fLCjXwadBsnYmn05uxFpi
5pKCCKE2ajJHZ9KAiaK11H,2faLHCwToqDd4C53QiWIKj
5pKCCKE2ajJHZ9KAiaK11H,2w3odFHYxnYfu5WoAmmefy
5pKCCKE2ajJHZ9KAiaK11H,2w3odFHYxnYfu5WoAmmefy
5pKCCKE2ajJHZ9KAiaK11H,3nFkdlSjzX9mRTtwJOzDYB
5pKCCKE2ajJHZ9KAiaK11H,0kvTYSgiVrBtbcKokPle73
3nFkdlSjzX9mRTtwJOzDYB,0kvTYSgiVrBtbcKokPle73
5pKCCKE2ajJHZ9KAiaK11H,3nFkdlSjzX9mRTtwJOzDYB
5pKCCKE2ajJHZ9KAiaK11H,21E3waRsmPlU7jZsS13rcj
04gDigrS5kc9YWfZHwBETP,5pKCCKE2ajJHZ9KAiaK11H
5pKCCKE2ajJHZ9KAiaK11H,2MVfNjocvNrE03cQuxpsWK
5pKCCKE2ajJHZ9KAiaK11H,2MVfNjocvNrE03cQuxpsWK
5pKCCKE2ajJHZ9KAiaK11H,5gOJTI4TusSENizxhcG7jB
5pKCCKE2ajJHZ9KAiaK11H,2fLCjXwadBsnYmn05uxFpi
5pKCCKE2ajJHZ9KAiaK11H,2w3odFHYxnYfu5WoAmmefy
5pKCCKE2ajJHZ9KAiaK11H,2fLCjXwadBsnYmn05uxFpi
5pKCCKE2ajJHZ9KAiaK11H,2fLCjXwadBsnYmn05uxFpi
5pKCCKE2ajJHZ9KAiaK11H,21E3waRsmPlU7jZsS13rcj
5pKCCKE2ajJHZ9KAiaK11H,4O1s9iVG46lSn1mD9ek1ES
21E3waRsmPlU7jZsS13rcj,4O1s9iVG46lSn1mD9ek1ES
5pKCCKE2ajJHZ9KAiaK11H,2faLHCwToqDd4C53QiWIKj
5pKCCKE2ajJHZ9KAiaK11H,2w3odFHYxnYfu5WoAmmefy
5pKCCKE2ajJHZ9KAiaK11H,2rYOKiaLzoUZTUMJh85fhX
5pKCCKE2ajJHZ9KAiaK11H,2w3odFHYxnYfu5WoAmmefy
5pKCCKE2ajJHZ9KAiaK11H,2rYOKiaLzoUZTUMJh85fhX
5pKCCKE2ajJHZ9KAiaK11H,1lbp4Rrpi6ug3cGZF9LWXq
5pKCCKE2ajJHZ9KAiaK11H,3NTG9VdIGX3d5oVYHOl6km
5pKCCKE2ajJHZ9KAiaK11H,3Isy6kedDrgPYoTS1dazA9
5pKCCKE2ajJHZ9KAiaK11H,28ykFujzSxWjvgZ7owaROx
5pKCCKE2ajJHZ9KAiaK11H,7BAaznGSsqcksud4R5ou5z
5pKCCKE2ajJHZ9KAiaK11H,5u4TJDB53ZDkB9ueZ6A2fm
5pKCCKE2ajJHZ9KAiaK11H,5IMltI7AzMZmM9TdapGK8w
5u4TJDB53ZDkB9ueZ6A2fm,5IMltI7AzMZmM9TdapGK8w
5pKCCKE2ajJHZ9KAiaK11H,3NTG9VdIGX3d5oVYHOl6km
5pKCCKE2ajJHZ9KAiaK11H,28ykFujzSxWjvgZ7owaROx
5pKCCKE2ajJHZ9KAiaK11H,2NUz5P42WqkxilbI8ocN76
5pKCCKE2ajJHZ9KAiaK11H,5P2rwRBgIN450RaJxdjYdA
5pKCCKE2ajJHZ9KAiaK11H,28ykFujzSxWjvgZ7owaROx
5pKCCKE2ajJHZ9KAiaK11H,6NOvBZrkd83MSD51xkq4on
5pKCCKE2ajJHZ9KAiaK11H,28ykFujzSxWjvgZ7owaROx
04gDigrS5kc9YWfZHwBETP,137W8MRPWKqSmrBGDBFSop
04gDigrS5kc9YWfZHwBETP,2cFrymmkijnjDg9SS92EPM
04gDigrS5kc9YWfZHwBETP,7crPfGd2k81ekOoSqQKWWz
04gDigrS5kc9YWfZHwBETP,6tt0iYnpHERj05WATWRiom
04gDigrS5kc9YWfZHwBETP,3Y7RZ31TRPVadSFVy1o8os
04gDigrS5kc9YWfZHwBETP,4MCBfE4596Uoi2O4DtmEMz
04gDigrS5kc9YWfZHwBETP,0EeQBlQJFiAfJeVN2vT9s0
04gDigrS5kc9YWfZHwBETP,0A0FS04o6zMoto8OKPsDwY
0EeQBlQJFiAfJeVN2vT9s0,0A0FS04o6zMoto8OKPsDwY
04gDigrS5kc9YWfZHwBETP,2R21vXR83lH98kGeO99Y66
04gDigrS5kc9YWfZHwBETP,0GM7qgcRCORpGnfcN2tCiB
2R21vXR83lH98kGeO99Y66,0GM7qgcRCORpGnfcN2tCiB
07YZf4WDAMNwqr4jfgOZ8y,4bYPcJP5jwMhSivRcqie2n
07YZf4WDAMNwqr4jfgOZ8y,04gDigrS5kc9YWfZHwBETP
4bYPcJP5jwMhSivRcqie2n,04gDigrS5kc9YWfZHwBETP
07YZf4WDAMNwqr4jfgOZ8y,4bYPcJP5jwMhSivRcqie2n
07YZf4WDAMNwqr4jfgOZ8y,04gDigrS5kc9YWfZHwBETP
4bYPcJP5jwMhSivRcqie2n,04gDigrS5kc9YWfZHwBETP
04gDigrS5kc9YWfZHwBETP,7tYKF4w9nC0nq9CsPZTHyP
04gDigrS5kc9YWfZHwBETP,0ZED1XzwlLHW4ZaG4lOT6m
04gDigrS5kc9YWfZHwBETP,2iUbk5KhZYZt4CRvWbwb7S
04gDigrS5kc9YWfZHwBETP,13ubrt8QOOCPljQ2FL1Kca
04gDigrS5kc9YWfZHwBETP,2YZyLoL8N0Wb9xBt1NhZWg
04gDigrS5kc9YWfZHwBETP,1RyvyyTE3xzB2ZywiAwp0i
04gDigrS5kc9YWfZHwBETP,4kYSro6naA4h99UJvo89HB
04gDigrS5kc9YWfZHwBETP,0hCNtLu0JehylgoiP8L4Gh
04gDigrS5kc9YWfZHwBETP,1XkoF8ryArs86LZvFOkbyr
04gDigrS5kc9YWfZHwBETP,1l7ZsJRRS8wlW3WfJfPfNS
04gDigrS5kc9YWfZHwBETP,4yiQZ8tQPux8cPriYMWUFP
04gDigrS5kc9YWfZHwBETP,7pylhrS9HpyWwbTtmEqg9K
04gDigrS5kc9YWfZHwBETP,4kYSro6naA4h99UJvo89HB
7pylhrS9HpyWwbTtmEqg9K,4kYSro6naA4h99UJvo89HB
04gDigrS5kc9YWfZHwBETP,3TaUSUXn41GixL7zbvrIDt
04gDigrS5kc9YWfZHwBETP,7tYKF4w9nC0nq9CsPZTHyP
3TaUSUXn41GixL7zbvrIDt,7tYKF4w9nC0nq9CsPZTHyP
04gDigrS5kc9YWfZHwBETP,7tYKF4w9nC0nq9CsPZTHyP
04gDigrS5kc9YWfZHwBETP,0ZED1XzwlLHW4ZaG4lOT6m
04gDigrS5kc9YWfZHwBETP,2iUbk5KhZYZt4CRvWbwb7S
04gDigrS5kc9YWfZHwBETP,13ubrt8QOOCPljQ2FL1Kca
04gDigrS5kc9YWfZHwBETP,2YZyLoL8N0Wb9xBt1NhZWg
04gDigrS5kc9YWfZHwBETP,1RyvyyTE3xzB2ZywiAwp0i
04gDigrS5kc9YWfZHwBETP,4kYSro6naA4h99UJvo89HB
04gDigrS5kc9YWfZHwBETP,2YZyLoL8N0Wb9xBt1NhZWg
04gDigrS5kc9YWfZHwBETP,4kYSro6naA4h99UJvo89HB
04gDigrS5kc9YWfZHwBETP,1vyhD5VmyZ7KMfW5gqLgo5
04gDigrS5kc9YWfZHwBETP,3vTQIVydSLfIKWUL2VNwKo
1vyhD5VmyZ7KMfW5gqLgo5,3vTQIVydSLfIKWUL2VNwKo
04gDigrS5kc9YWfZHwBETP,2ZRQcIgzPCVaT9XKhXZIzh
04gDigrS5kc9YWfZHwBETP,0c173mlxpT3dSFRgMO8XPh
04gDigrS5kc9YWfZHwBETP,137W8MRPWKqSmrBGDBFSop
04gDigrS5kc9YWfZHwBETP,137W8MRPWKqSmrBGDBFSop
04gDigrS5kc9YWfZHwBETP,137W8MRPWKqSmrBGDBFSop
04gDigrS5kc9YWfZHwBETP,0pkJMsTwKbRvrX9d4QEoAM
137W8MRPWKqSmrBGDBFSop,0pkJMsTwKbRvrX9d4QEoAM
04gDigrS5kc9YWfZHwBETP,137W8MRPWKqSmrBGDBFSop
04gDigrS5kc9YWfZHwBETP,3Kt34aALAZu5GUd3WRqsrZ
137W8MRPWKqSmrBGDBFSop,3Kt34aALAZu5GUd3WRqsrZ
04gDigrS5kc9YWfZHwBETP,32WkQRZEVKSzVAAYqukAEA
04gDigrS5kc9YWfZHwBETP,32WkQRZEVKSzVAAYqukAEA
04gDigrS5kc9YWfZHwBETP,32WkQRZEVKSzVAAYqukAEA
04gDigrS5kc9YWfZHwBETP,5pKCCKE2ajJHZ9KAiaK11H
04gDigrS5kc9YWfZHwBETP,51Pzjxgh60cKHARC7rRZZx
04gDigrS5kc9YWfZHwBETP,1h2OVSKRdJHnVqyCKqCLkf
04gDigrS5kc9YWfZHwBETP,0OoOBeRsejOlI6XucsBAXP
1h2OVSKRdJHnVqyCKqCLkf,0OoOBeRsejOlI6XucsBAXP
04gDigrS5kc9YWfZHwBETP,7jFaoqWPhYLrKzjzlpXmUO
04gDigrS5kc9YWfZHwBETP,1AWNf5CLnHH4oM1hcHiVeV
04gDigrS5kc9YWfZHwBETP,5pKCCKE2ajJHZ9KAiaK11H
0Y5tJX1MQlPlqiwlOH1tJY,7ltDVBr6mKbRvohxheJ9h1
0Y5tJX1MQlPlqiwlOH1tJY,5f7VJjfbwm532GiveGC0ZK
7ltDVBr6mKbRvohxheJ9h1,5f7VJjfbwm532GiveGC0ZK
7A8S43ryYdbWpJKeHRZRcq,2RDOrhPqAM4jzTRCEb19qX
4Gso3d4CscCijv0lmajZWs,0VRj0yCOv2FXJNP47XQnx5
4Gso3d4CscCijv0lmajZWs,4DdkRBBYG6Yk9Ka8tdJ9BW
0VRj0yCOv2FXJNP47XQnx5,4DdkRBBYG6Yk9Ka8tdJ9BW
7A8S43ryYdbWpJKeHRZRcq,0Y5tJX1MQlPlqiwlOH1tJY
7A8S43ryYdbWpJKeHRZRcq,50co4Is1HCEo8bhOyUWKpn
0Y5tJX1MQlPlqiwlOH1tJY,50co4Is1HCEo8bhOyUWKpn
7A8S43ryYdbWpJKeHRZRcq,0Y5tJX1MQlPlqiwlOH1tJY
7A8S43ryYdbWpJKeHRZRcq,4Gso3d4CscCijv0lmajZWs
0Y5tJX1MQlPlqiwlOH1tJY,4Gso3d4CscCijv0lmajZWs
7A8S43ryYdbWpJKeHRZRcq,0eDvMgVFoNV3TpwtrVCoTj
7A8S43ryYdbWpJKeHRZRcq,0Y5tJX1MQlPlqiwlOH1tJY
0eDvMgVFoNV3TpwtrVCoTj,0Y5tJX1MQlPlqiwlOH1tJY
6extd4B6hl8VTmnlhpl2bY,0Y5tJX1MQlPlqiwlOH1tJY
6extd4B6hl8VTmnlhpl2bY,0VRj0yCOv2FXJNP47XQnx5
0Y5tJX1MQlPlqiwlOH1tJY,0VRj0yCOv2FXJNP47XQnx5
6extd4B6hl8VTmnlhpl2bY,0Y5tJX1MQlPlqiwlOH1tJY
6extd4B6hl8VTmnlhpl2bY,0VRj0yCOv2FXJNP47XQnx5
0Y5tJX1MQlPlqiwlOH1tJY,0VRj0yCOv2FXJNP47XQnx5
6extd4B6hl8VTmnlhpl2bY,0Y5tJX1MQlPlqiwlOH1tJY
6extd4B6hl8VTmnlhpl2bY,0VRj0yCOv2FXJNP47XQnx5
0Y5tJX1MQlPlqiwlOH1tJY,0VRj0yCOv2FXJNP47XQnx5
6extd4B6hl8VTmnlhpl2bY,0Y5tJX1MQlPlqiwlOH1tJY
6extd4B6hl8VTmnlhpl2bY,0VRj0yCOv2FXJNP47XQnx5
0Y5tJX1MQlPlqiwlOH1tJY,0VRj0yCOv2FXJNP47XQnx5
6extd4B6hl8VTmnlhpl2bY,0Y5tJX1MQlPlqiwlOH1tJY
6extd4B6hl8VTmnlhpl2bY,0VRj0yCOv2FXJNP47XQnx5
0Y5tJX1MQlPlqiwlOH1tJY,0VRj0yCOv2FXJNP47XQnx5
6extd4B6hl8VTmnlhpl2bY,0Y5tJX1MQlPlqiwlOH1tJY
6extd4B6hl8VTmnlhpl2bY,0VRj0yCOv2FXJNP47XQnx5
0Y5tJX1MQlPlqiwlOH1tJY,0VRj0yCOv2FXJNP47XQnx5
6extd4B6hl8VTmnlhpl2bY,0Y5tJX1MQlPlqiwlOH1tJY
6extd4B6hl8VTmnlhpl2bY,0VRj0yCOv2FXJNP47XQnx5
0Y5tJX1MQlPlqiwlOH1tJY,0VRj0yCOv2FXJNP47XQnx5
6extd4B6hl8VTmnlhpl2bY,0Y5tJX1MQlPlqiwlOH1tJY
6extd4B6hl8VTmnlhpl2bY,0VRj0yCOv2FXJNP47XQnx5
0Y5tJX1MQlPlqiwlOH1tJY,0VRj0yCOv2FXJNP47XQnx5
6extd4B6hl8VTmnlhpl2bY,0Y5tJX1MQlPlqiwlOH1tJY
6extd4B6hl8VTmnlhpl2bY,0VRj0yCOv2FXJNP47XQnx5
0Y5tJX1MQlPlqiwlOH1tJY,0VRj0yCOv2FXJNP47XQnx5
6extd4B6hl8VTmnlhpl2bY,0Y5tJX1MQlPlqiwlOH1tJY
6extd4B6hl8VTmnlhpl2bY,0VRj0yCOv2FXJNP47XQnx5
0Y5tJX1MQlPlqiwlOH1tJY,0VRj0yCOv2FXJNP47XQnx5
6extd4B6hl8VTmnlhpl2bY,0Y5tJX1MQlPlqiwlOH1tJY
6extd4B6hl8VTmnlhpl2bY,0VRj0yCOv2FXJNP47XQnx5
0Y5tJX1MQlPlqiwlOH1tJY,0VRj0yCOv2FXJNP47XQnx5
0Y5tJX1MQlPlqiwlOH1tJY,0VRj0yCOv2FXJNP47XQnx5
0Y5tJX1MQlPlqiwlOH1tJY,1RyvyyTE3xzB2ZywiAwp0i
0Y5tJX1MQlPlqiwlOH1tJY,17lzZA2AlOHwCwFALHttmp
1RyvyyTE3xzB2ZywiAwp0i,17lzZA2AlOHwCwFALHttmp
0Y5tJX1MQlPlqiwlOH1tJY,5gCRApTajqwbnHHPbr2Fpi
0Y5tJX1MQlPlqiwlOH1tJY,4dYQmk5ma04mZ1KJ9KkAQK
0Y5tJX1MQlPlqiwlOH1tJY,1Xyo4u8uXC1ZmMpatF05PJ
0Y5tJX1MQlPlqiwlOH1tJY,1zNqQNIdeOUZHb8zbZRFMX
0Y5tJX1MQlPlqiwlOH1tJY,15iVAtD3s3FsQR4w1v6M0P
1zNqQNIdeOUZHb8zbZRFMX,15iVAtD3s3FsQR4w1v6M0P
0Y5tJX1MQlPlqiwlOH1tJY,5K4W6rqBFWDnAN6FQUkS6x
0Y5tJX1MQlPlqiwlOH1tJY,1uNFoZAHBGtllmzznpCI3s
0Y5tJX1MQlPlqiwlOH1tJY,50co4Is1HCEo8bhOyUWKpn
1uNFoZAHBGtllmzznpCI3s,50co4Is1HCEo8bhOyUWKpn
0Y5tJX1MQlPlqiwlOH1tJY,6O4EGCCb6DoIiR6B1QCQgp
0Y5tJX1MQlPlqiwlOH1tJY,5IcR3N7QB1j6KBL8eImZ8m
1Cs0zKBU1kc0i8ypK3B9ai,5NhgsV7qPWHZqYEMKzbYvo
1Cs0zKBU1kc0i8ypK3B9ai,2kRfqPViCqYdSGhYSM9R0Q
1Cs0zKBU1kc0i8ypK3B9ai,64M6ah0SkkRsnPGtGiRAbb
1Cs0zKBU1kc0i8ypK3B9ai,1vyhD5VmyZ7KMfW5gqLgo5
64M6ah0SkkRsnPGtGiRAbb,1vyhD5VmyZ7KMfW5gqLgo5
1Cs0zKBU1kc0i8ypK3B9ai,6cK3NBO6uP7hh0oyuVELFl
1Cs0zKBU1kc0i8ypK3B9ai,1uNFoZAHBGtllmzznpCI3s
1Cs0zKBU1kc0i8ypK3B9ai,4ScCswdRlyA23odg9thgIO
1Cs0zKBU1kc0i8ypK3B9ai,2ExGrw6XpbtUAJHTLtUXUD
4ScCswdRlyA23odg9thgIO,2ExGrw6XpbtUAJHTLtUXUD
1Cs0zKBU1kc0i8ypK3B9ai,1vyhD5VmyZ7KMfW5gqLgo5
1Cs0zKBU1kc0i8ypK3B9ai,4npEfmQ6YuiwW1GpUmaq3F
1Cs0zKBU1kc0i8ypK3B9ai,5WUlDfRSoLAfcVSX1WnrxN
1Cs0zKBU1kc0i8ypK3B9ai,2qSEpijpT3YSXgxcXac1ly
1Cs0zKBU1kc0i8ypK3B9ai,4bXUaTjc7TQTvLqqCAlfYt
2qSEpijpT3YSXgxcXac1ly,4bXUaTjc7TQTvLqqCAlfYt
1Cs0zKBU1kc0i8ypK3B9ai,66AE89GQTx88zLYhXn1wFK
1Cs0zKBU1kc0i8ypK3B9ai,3gk0OYeLFWYupGFRHqLSR7
1Cs0zKBU1kc0i8ypK3B9ai,7HqEmV7FeCi16bQyHMpIrF
3gk0OYeLFWYupGFRHqLSR7,7HqEmV7FeCi16bQyHMpIrF
1Cs0zKBU1kc0i8ypK3B9ai,1XGHs7YFtpCbDGKaNdPPtA
1Cs0zKBU1kc0i8ypK3B9ai,3gk0OYeLFWYupGFRHqLSR7
1Cs0zKBU1kc0i8ypK3B9ai,6lITXT7V1VIC7nwlgh8ycO
3gk0OYeLFWYupGFRHqLSR7,6lITXT7V1VIC7nwlgh8ycO
1Cs0zKBU1kc0i8ypK3B9ai,4bXUaTjc7TQTvLqqCAlfYt
1Cs0zKBU1kc0i8ypK3B9ai,19HFRWmRCl27kTk6LeqAO8
1Cs0zKBU1kc0i8ypK3B9ai,3FdLhnmXynPvZkbILPpB6d
1Cs0zKBU1kc0i8ypK3B9ai,0awl5piYwO0CDTHEkCjUhn
3FdLhnmXynPvZkbILPpB6d,0awl5piYwO0CDTHEkCjUhn
1Cs0zKBU1kc0i8ypK3B9ai,66AE89GQTx88zLYhXn1wFK
1Cs0zKBU1kc0i8ypK3B9ai,3t5xRXzsuZmMDkQzgOX35S
66AE89GQTx88zLYhXn1wFK,3t5xRXzsuZmMDkQzgOX35S
1Cs0zKBU1kc0i8ypK3B9ai,66AE89GQTx88zLYhXn1wFK
1Cs0zKBU1kc0i8ypK3B9ai,6d0G9dDSFkF8sh3k7S0eft
1Cs0zKBU1kc0i8ypK3B9ai,4D75GcNG95ebPtNvoNVXhz
1Cs0zKBU1kc0i8ypK3B9ai,2HUKeBQtdAvY9qwhYw0vpg
1Cs0zKBU1kc0i8ypK3B9ai,1EAFXic0Cfiwpe7nSuTrGL
1Cs0zKBU1kc0i8ypK3B9ai,3FdLhnmXynPvZkbILPpB6d
1Cs0zKBU1kc0i8ypK3B9ai,2gLZZdgHD8ZbSAB2qQkr3P
1Cs0zKBU1kc0i8ypK3B9ai,6S4lBXjqajV4PAwGvyFUG7
1Cs0zKBU1kc0i8ypK3B9ai,7ov0Zig1562fIBKldlHZa4
6S4lBXjqajV4PAwGvyFUG7,7ov0Zig1562fIBKldlHZa4
1Cs0zKBU1kc0i8ypK3B9ai,1XGHs7YFtpCbDGKaNdPPtA
1Cs0zKBU1kc0i8ypK3B9ai,3gk0OYeLFWYupGFRHqLSR7
1Cs0zKBU1kc0i8ypK3B9ai,6lITXT7V1VIC7nwlgh8ycO
3gk0OYeLFWYupGFRHqLSR7,6lITXT7V1VIC7nwlgh8ycO
1Cs0zKBU1kc0i8ypK3B9ai,66AE89GQTx88zLYhXn1wFK
1Cs0zKBU1kc0i8ypK3B9ai,3t5xRXzsuZmMDkQzgOX35S
66AE89GQTx88zLYhXn1wFK,3t5xRXzsuZmMDkQzgOX35S
1Cs0zKBU1kc0i8ypK3B9ai,5WUlDfRSoLAfcVSX1WnrxN
1Cs0zKBU1kc0i8ypK3B9ai,0hCNtLu0JehylgoiP8L4Gh
1Cs0zKBU1kc0i8ypK3B9ai,5WUlDfRSoLAfcVSX1WnrxN
1Cs0zKBU1kc0i8ypK3B9ai,23zg3TcAtWQy7J6upgbUnj
1Cs0zKBU1kc0i8ypK3B9ai,7bXgB6jMjp9ATFy66eO08Z
1Cs0zKBU1kc0i8ypK3B9ai,55Aa2cqylxrFIXC767Z865
7bXgB6jMjp9ATFy66eO08Z,55Aa2cqylxrFIXC767Z865
1Cs0zKBU1kc0i8ypK3B9ai,0yO1ChurIlYLcOisqmlQS9
1Cs0zKBU1kc0i8ypK3B9ai,3kcQ94iDBwumLfddrCrse8
1Cs0zKBU1kc0i8ypK3B9ai,4j5KBTO4tk7up54ZirNGvK
3kcQ94iDBwumLfddrCrse8,4j5KBTO4tk7up54ZirNGvK
1Cs0zKBU1kc0i8ypK3B9ai,3ipn9JLAPI5GUEo4y4jcoi
1Cs0zKBU1kc0i8ypK3B9ai,6MF9fzBmfXghAz953czmBC
3ipn9JLAPI5GUEo4y4jcoi,6MF9fzBmfXghAz953czmBC
7hJcb9fa4alzcOq3EaNPoG,1Cs0zKBU1kc0i8ypK3B9ai
1Cs0zKBU1kc0i8ypK3B9ai,0z4gvV4rjIZ9wHck67ucSV
1Cs0zKBU1kc0i8ypK3B9ai,085pc2PYOi8bGKj0PNjekA
1Cs0zKBU1kc0i8ypK3B9ai,35GL8Cu2GKTcHzKGi75xl5
1Cs0zKBU1kc0i8ypK3B9ai,2gsggkzM5R49q6jpPvazou
1Cs0zKBU1kc0i8ypK3B9ai,29UF7wj9XDKDo42FGdu4Wq
1Cs0zKBU1kc0i8ypK3B9ai,1vCWHaC5f2uS3yhpwWbIA6
1Cs0zKBU1kc0i8ypK3B9ai,4D75GcNG95ebPtNvoNVXhz
1Cs0zKBU1kc0i8ypK3B9ai,4D75GcNG95ebPtNvoNVXhz
1Cs0zKBU1kc0i8ypK3B9ai,0jnsk9HBra6NMjO2oANoPY
1Cs0zKBU1kc0i8ypK3B9ai,0hCNtLu0JehylgoiP8L4Gh
0jnsk9HBra6NMjO2oANoPY,0hCNtLu0JehylgoiP8L4Gh
4D75GcNG95ebPtNvoNVXhz,1Cs0zKBU1kc0i8ypK3B9ai
1Cs0zKBU1kc0i8ypK3B9ai,5ChF3i92IPZHduM7jN3dpg
1Cs0zKBU1kc0i8ypK3B9ai,62nzwELlfBHe7F0wSfUMiz
1Cs0zKBU1kc0i8ypK3B9ai,3ipn9JLAPI5GUEo4y4jcoi
1Cs0zKBU1kc0i8ypK3B9ai,6MF9fzBmfXghAz953czmBC
3ipn9JLAPI5GUEo4y4jcoi,6MF9fzBmfXghAz953czmBC
1Cs0zKBU1kc0i8ypK3B9ai,0z4gvV4rjIZ9wHck67ucSV
1Cs0zKBU1kc0i8ypK3B9ai,0fA0VVWsXO9YnASrzqfmYu
1Cs0zKBU1kc0i8ypK3B9ai,2iwhenp5euZtZLmtK6cgbe
1Cs0zKBU1kc0i8ypK3B9ai,2qSEpijpT3YSXgxcXac1ly
2iwhenp5euZtZLmtK6cgbe,2qSEpijpT3YSXgxcXac1ly
6tbjWDEIzxoDsBA1FuhfPW,55Aa2cqylxrFIXC767Z865
6tbjWDEIzxoDsBA1FuhfPW,1Cs0zKBU1kc0i8ypK3B9ai
55Aa2cqylxrFIXC767Z865,1Cs0zKBU1kc0i8ypK3B9ai
3AuMNF8rQAKOzjYppFNAoB,1Cs0zKBU1kc0i8ypK3B9ai
1Cs0zKBU1kc0i8ypK3B9ai,4D75GcNG95ebPtNvoNVXhz
1Cs0zKBU1kc0i8ypK3B9ai,6BDFty1LleHGClPQp2DAdl
4D75GcNG95ebPtNvoNVXhz,6BDFty1LleHGClPQp2DAdl
5T0MSzX9RC5NA6gAI6irSn,5P2rwRBgIN450RaJxdjYdA
1Cs0zKBU1kc0i8ypK3B9ai,2qSEpijpT3YSXgxcXac1ly
1Cs0zKBU1kc0i8ypK3B9ai,0fA0VVWsXO9YnASrzqfmYu
1Cs0zKBU1kc0i8ypK3B9ai,3NwMwlJraqubsJPlKADvjN
1Cs0zKBU1kc0i8ypK3B9ai,7sfl4Xt5KmfyDs2T3SVSMK
3NwMwlJraqubsJPlKADvjN,7sfl4Xt5KmfyDs2T3SVSMK
1Cs0zKBU1kc0i8ypK3B9ai,73nwTQUc9kA9vqGzGPsMkA
4EhiIwwMPecLznwn87sRw2,4S1P19bTfbDVjEA8Hxs4Cj
4EhiIwwMPecLznwn87sRw2,1Cs0zKBU1kc0i8ypK3B9ai
4S1P19bTfbDVjEA8Hxs4Cj,1Cs0zKBU1kc0i8ypK3B9ai
1Cs0zKBU1kc0i8ypK3B9ai,2qSEpijpT3YSXgxcXac1ly
1Cs0zKBU1kc0i8ypK3B9ai,5pKCCKE2ajJHZ9KAiaK11H
1Cs0zKBU1kc0i8ypK3B9ai,0z4gvV4rjIZ9wHck67ucSV
1Cs0zKBU1kc0i8ypK3B9ai,3AuMNF8rQAKOzjYppFNAoB
1Cs0zKBU1kc0i8ypK3B9ai,3AuMNF8rQAKOzjYppFNAoB
1Cs0zKBU1kc0i8ypK3B9ai,2iwhenp5euZtZLmtK6cgbe
1Cs0zKBU1kc0i8ypK3B9ai,2qSEpijpT3YSXgxcXac1ly
2iwhenp5euZtZLmtK6cgbe,2qSEpijpT3YSXgxcXac1ly
1Cs0zKBU1kc0i8ypK3B9ai,5i84V8Zk7YqCN6xxb7SWgw
1Cs0zKBU1kc0i8ypK3B9ai,4FqPRilb0Ja0TKG3RS3y4s
1Cs0zKBU1kc0i8ypK3B9ai,2L5xi76mB2qwg00CMkuyEN
4FqPRilb0Ja0TKG3RS3y4s,2L5xi76mB2qwg00CMkuyEN
1Cs0zKBU1kc0i8ypK3B9ai,2yWER4vAftcZCFPc7ednct
1Cs0zKBU1kc0i8ypK3B9ai,2qSEpijpT3YSXgxcXac1ly
1Cs0zKBU1kc0i8ypK3B9ai,4iBKxKzLy3HE89cXAPr6lC
1Cs0zKBU1kc0i8ypK3B9ai,2qSEpijpT3YSXgxcXac1ly
1Cs0zKBU1kc0i8ypK3B9ai,2qSEpijpT3YSXgxcXac1ly
1Cs0zKBU1kc0i8ypK3B9ai,4KXZDoqdMxd9S8nw7T6THK
2qSEpijpT3YSXgxcXac1ly,4KXZDoqdMxd9S8nw7T6THK
1Cs0zKBU1kc0i8ypK3B9ai,4EhiIwwMPecLznwn87sRw2
1Cs0zKBU1kc0i8ypK3B9ai,2qSEpijpT3YSXgxcXac1ly
4EhiIwwMPecLznwn87sRw2,2qSEpijpT3YSXgxcXac1ly
1Cs0zKBU1kc0i8ypK3B9ai,4EhiIwwMPecLznwn87sRw2
1Cs0zKBU1kc0i8ypK3B9ai,2qSEpijpT3YSXgxcXac1ly
4EhiIwwMPecLznwn87sRw2,2qSEpijpT3YSXgxcXac1ly
1Cs0zKBU1kc0i8ypK3B9ai,4EhiIwwMPecLznwn87sRw2
1Cs0zKBU1kc0i8ypK3B9ai,1k8VBufn1nBs8LN9n4snc8
4EhiIwwMPecLznwn87sRw2,1k8VBufn1nBs8LN9n4snc8
1Cs0zKBU1kc0i8ypK3B9ai,4EhiIwwMPecLznwn87sRw2
1Cs0zKBU1kc0i8ypK3B9ai,4EhiIwwMPecLznwn87sRw2
1Cs0zKBU1kc0i8ypK3B9ai,4S1P19bTfbDVjEA8Hxs4Cj
4EhiIwwMPecLznwn87sRw2,4S1P19bTfbDVjEA8Hxs4Cj
1Cs0zKBU1kc0i8ypK3B9ai,4EhiIwwMPecLznwn87sRw2
1Cs0zKBU1kc0i8ypK3B9ai,4d7zDMfw8Av1OpddHg7W1y
4EhiIwwMPecLznwn87sRw2,4d7zDMfw8Av1OpddHg7W1y
1Cs0zKBU1kc0i8ypK3B9ai,4EhiIwwMPecLznwn87sRw2
1Cs0zKBU1kc0i8ypK3B9ai,2qSEpijpT3YSXgxcXac1ly
4EhiIwwMPecLznwn87sRw2,2qSEpijpT3YSXgxcXac1ly
1Cs0zKBU1kc0i8ypK3B9ai,4EhiIwwMPecLznwn87sRw2
1Cs0zKBU1kc0i8ypK3B9ai,2qSEpijpT3YSXgxcXac1ly
4EhiIwwMPecLznwn87sRw2,2qSEpijpT3YSXgxcXac1ly
1Cs0zKBU1kc0i8ypK3B9ai,6txh5tFMJyxSwT0iE7wX2w
1Cs0zKBU1kc0i8ypK3B9ai,4EhiIwwMPecLznwn87sRw2
6txh5tFMJyxSwT0iE7wX2w,4EhiIwwMPecLznwn87sRw2
1Cs0zKBU1kc0i8ypK3B9ai,2qSEpijpT3YSXgxcXac1ly
1Cs0zKBU1kc0i8ypK3B9ai,4EhiIwwMPecLznwn87sRw2
2qSEpijpT3YSXgxcXac1ly,4EhiIwwMPecLznwn87sRw2
1Cs0zKBU1kc0i8ypK3B9ai,6txh5tFMJyxSwT0iE7wX2w
1Cs0zKBU1kc0i8ypK3B9ai,4EhiIwwMPecLznwn87sRw2
6txh5tFMJyxSwT0iE7wX2w,4EhiIwwMPecLznwn87sRw2
1Cs0zKBU1kc0i8ypK3B9ai,4HBX9Z03k5YQD8i0E8gFGW
1Cs0zKBU1kc0i8ypK3B9ai,4EhiIwwMPecLznwn87sRw2
4HBX9Z03k5YQD8i0E8gFGW,4EhiIwwMPecLznwn87sRw2
1Cs0zKBU1kc0i8ypK3B9ai,2qSEpijpT3YSXgxcXac1ly
1Cs0zKBU1kc0i8ypK3B9ai,4EhiIwwMPecLznwn87sRw2
2qSEpijpT3YSXgxcXac1ly,4EhiIwwMPecLznwn87sRw2
1Cs0zKBU1kc0i8ypK3B9ai,4EhiIwwMPecLznwn87sRw2
1Cs0zKBU1kc0i8ypK3B9ai,2qSEpijpT3YSXgxcXac1ly
4EhiIwwMPecLznwn87sRw2,2qSEpijpT3YSXgxcXac1ly
1Cs0zKBU1kc0i8ypK3B9ai,0oSGxfWSnnOXhD2fKuz2Gy
1Cs0zKBU1kc0i8ypK3B9ai,4EhiIwwMPecLznwn87sRw2
1Cs0zKBU1kc0i8ypK3B9ai,2qSEpijpT3YSXgxcXac1ly
1Cs0zKBU1kc0i8ypK3B9ai,4EhiIwwMPecLznwn87sRw2
2qSEpijpT3YSXgxcXac1ly,4EhiIwwMPecLznwn87sRw2
1Cs0zKBU1kc0i8ypK3B9ai,4EhiIwwMPecLznwn87sRw2
1Cs0zKBU1kc0i8ypK3B9ai,52qx8aMzSqi7JTJUI2dJqZ
1Cs0zKBU1kc0i8ypK3B9ai,2qSEpijpT3YSXgxcXac1ly
1Cs0zKBU1kc0i8ypK3B9ai,4EhiIwwMPecLznwn87sRw2
2qSEpijpT3YSXgxcXac1ly,4EhiIwwMPecLznwn87sRw2
7n2wHs1TKAczGzO7Dd2rGr,1uNFoZAHBGtllmzznpCI3s
7n2wHs1TKAczGzO7Dd2rGr,4nDoRrQiYLoBzwC5BhVJzF
7n2wHs1TKAczGzO7Dd2rGr,1lmU3giNF3CSbkVSQmLpHQ
7n2wHs1TKAczGzO7Dd2rGr,0ZED1XzwlLHW4ZaG4lOT6m
7n2wHs1TKAczGzO7Dd2rGr,6LuN9FCkKOj5PcnpouEgny
7n2wHs1TKAczGzO7Dd2rGr,3AVfmawzu83sp94QW7CEGm
7n2wHs1TKAczGzO7Dd2rGr,4nDoRrQiYLoBzwC5BhVJzF
0du5cEVh5yTK9QJze8zA0C,3jK9MiCrA42lLAdMGUZpwa
0du5cEVh5yTK9QJze8zA0C,6PvvGcCY2XtUcSRld1Wilr
3jK9MiCrA42lLAdMGUZpwa,6PvvGcCY2XtUcSRld1Wilr
0du5cEVh5yTK9QJze8zA0C,3jK9MiCrA42lLAdMGUZpwa
0du5cEVh5yTK9QJze8zA0C,6PvvGcCY2XtUcSRld1Wilr
3jK9MiCrA42lLAdMGUZpwa,6PvvGcCY2XtUcSRld1Wilr
0du5cEVh5yTK9QJze8zA0C,3jK9MiCrA42lLAdMGUZpwa
0du5cEVh5yTK9QJze8zA0C,6PvvGcCY2XtUcSRld1Wilr
3jK9MiCrA42lLAdMGUZpwa,6PvvGcCY2XtUcSRld1Wilr
0du5cEVh5yTK9QJze8zA0C,3jK9MiCrA42lLAdMGUZpwa
0du5cEVh5yTK9QJze8zA0C,6PvvGcCY2XtUcSRld1Wilr
3jK9MiCrA42lLAdMGUZpwa,6PvvGcCY2XtUcSRld1Wilr
0du5cEVh5yTK9QJze8zA0C,3jK9MiCrA42lLAdMGUZpwa
0du5cEVh5yTK9QJze8zA0C,6PvvGcCY2XtUcSRld1Wilr
3jK9MiCrA42lLAdMGUZpwa,6PvvGcCY2XtUcSRld1Wilr
0du5cEVh5yTK9QJze8zA0C,3jK9MiCrA42lLAdMGUZpwa
0du5cEVh5yTK9QJze8zA0C,6PvvGcCY2XtUcSRld1Wilr
3jK9MiCrA42lLAdMGUZpwa,6PvvGcCY2XtUcSRld1Wilr
0du5cEVh5yTK9QJze8zA0C,3jK9MiCrA42lLAdMGUZpwa
0du5cEVh5yTK9QJze8zA0C,6PvvGcCY2XtUcSRld1Wilr
3jK9MiCrA42lLAdMGUZpwa,6PvvGcCY2XtUcSRld1Wilr
0du5cEVh5yTK9QJze8zA0C,5bepW5vcdRzheNc0F8lHJ5
0du5cEVh5yTK9QJze8zA0C,0qiu2HDyU3u01mZXg5zS7t
0du5cEVh5yTK9QJze8zA0C,738wLrAtLtCtFOLvQBXOXp
0du5cEVh5yTK9QJze8zA0C,3QJzdZJYIAcoET1GcfpNGi
0du5cEVh5yTK9QJze8zA0C,5ndkK3dpZLKtBklKjxNQwT
0du5cEVh5yTK9QJze8zA0C,5nLYd9ST4Cnwy6NHaCxbj8
5ndkK3dpZLKtBklKjxNQwT,5nLYd9ST4Cnwy6NHaCxbj8
4VMYDCV2IEDYJArk749S6m,7iK8PXO48WeuP03g8YR51W
4VMYDCV2IEDYJArk749S6m,4q3ewBCX7sLwd24euuV69X
4VMYDCV2IEDYJArk749S6m,77ziqFxp5gaInVrF2lj4ht
4VMYDCV2IEDYJArk749S6m,1mcTU81TzQhprhouKaTkpq
4VMYDCV2IEDYJArk749S6m,3yDIp0kaq9EFKe07X1X2rz
1mcTU81TzQhprhouKaTkpq,3yDIp0kaq9EFKe07X1X2rz
4VMYDCV2IEDYJArk749S6m,1GDbiv3spRmZ1XdM1jQbT7
4VMYDCV2IEDYJArk749S6m,4obzFoKoKRHIphyHzJ35G3
1GDbiv3spRmZ1XdM1jQbT7,4obzFoKoKRHIphyHzJ35G3
4VMYDCV2IEDYJArk749S6m,0TnOYISbd1XYRBk9myaseg
4VMYDCV2IEDYJArk749S6m,2oQX8QiMXOyuqbcZEFsZfm
4VMYDCV2IEDYJArk749S6m,7sfl4Xt5KmfyDs2T3SVSMK
2oQX8QiMXOyuqbcZEFsZfm,7sfl4Xt5KmfyDs2T3SVSMK
4VMYDCV2IEDYJArk749S6m,1i8SpTcr7yvPOmcqrbnVXY
4VMYDCV2IEDYJArk749S6m,1i8SpTcr7yvPOmcqrbnVXY
4VMYDCV2IEDYJArk749S6m,4V8Sr092TqfHkfAA5fXXqG
4VMYDCV2IEDYJArk749S6m,2R21vXR83lH98kGeO99Y66
4VMYDCV2IEDYJArk749S6m,2R21vXR83lH98kGeO99Y66
4VMYDCV2IEDYJArk749S6m,2R21vXR83lH98kGeO99Y66
4VMYDCV2IEDYJArk749S6m,1i8SpTcr7yvPOmcqrbnVXY
2R21vXR83lH98kGeO99Y66,1i8SpTcr7yvPOmcqrbnVXY
4VMYDCV2IEDYJArk749S6m,1GDbiv3spRmZ1XdM1jQbT7
4VMYDCV2IEDYJArk749S6m,4q3ewBCX7sLwd24euuV69X
4VMYDCV2IEDYJArk749S6m,4q3ewBCX7sLwd24euuV69X
4VMYDCV2IEDYJArk749S6m,4q3ewBCX7sLwd24euuV69X
4VMYDCV2IEDYJArk749S6m,47MpMsUfWtgyIIBEFOr4FE
4q3ewBCX7sLwd24euuV69X,47MpMsUfWtgyIIBEFOr4FE
4VMYDCV2IEDYJArk749S6m,1SupJlEpv7RS2tPNRaHViT
4VMYDCV2IEDYJArk749S6m,1SupJlEpv7RS2tPNRaHViT
4VMYDCV2IEDYJArk749S6m,5lwmRuXgjX8xIwlnauTZIP
1SupJlEpv7RS2tPNRaHViT,5lwmRuXgjX8xIwlnauTZIP
4VMYDCV2IEDYJArk749S6m,1wZtkThiXbVNtj6hee6dz9
4VMYDCV2IEDYJArk749S6m,1wZtkThiXbVNtj6hee6dz9
4VMYDCV2IEDYJArk749S6m,1wZtkThiXbVNtj6hee6dz9
4VMYDCV2IEDYJArk749S6m,1wZtkThiXbVNtj6hee6dz9
4VMYDCV2IEDYJArk749S6m,0akwFJC217vsXvFRi0Ns8v
4VMYDCV2IEDYJArk749S6m,0eHQ9o50hj6ZDNBt6Ys1sD
4VMYDCV2IEDYJArk749S6m,329e4yvIujISKGKz1BZZbO
4VMYDCV2IEDYJArk749S6m,4SsVbpTthjScTS7U2hmr1X
4VMYDCV2IEDYJArk749S6m,6XFITTl7cFTdopDY3lUdlY
4VMYDCV2IEDYJArk749S6m,6XFITTl7cFTdopDY3lUdlY
4VMYDCV2IEDYJArk749S6m,0j8QSBQZ9MNSGjHr1Vll1R
4VMYDCV2IEDYJArk749S6m,3EiLUeyEcA6fbRPSHkG5kb
4VMYDCV2IEDYJArk749S6m,329e4yvIujISKGKz1BZZbO
4VMYDCV2IEDYJArk749S6m,3MHaV05u0io8fQbZ2XPtlC
4VMYDCV2IEDYJArk749S6m,1SupJlEpv7RS2tPNRaHViT
4VMYDCV2IEDYJArk749S6m,5fJsY7afrbsyzJj9wdzJMh
4VMYDCV2IEDYJArk749S6m,7qYeIN2r4H1kBvr0Gm9Iav
4VMYDCV2IEDYJArk749S6m,4SsVbpTthjScTS7U2hmr1X
4VMYDCV2IEDYJArk749S6m,0z4gvV4rjIZ9wHck67ucSV
4VMYDCV2IEDYJArk749S6m,40xbWSB4JPdOkRyuTDy1oP
4VMYDCV2IEDYJArk749S6m,2TjgzYcbTdsZjbT9OItIeB
4VMYDCV2IEDYJArk749S6m,085pc2PYOi8bGKj0PNjekA
4VMYDCV2IEDYJArk749S6m,3r17AfJCCUqC9Lf0OAc73G
4VMYDCV2IEDYJArk749S6m,3vDUJHQtqT3jFRZ2ECXDTi
4VMYDCV2IEDYJArk749S6m,4pr7J7wzgObkE3DD3Izi7q
3vDUJHQtqT3jFRZ2ECXDTi,4pr7J7wzgObkE3DD3Izi7q
4VMYDCV2IEDYJArk749S6m,7hJcb9fa4alzcOq3EaNPoG
4VMYDCV2IEDYJArk749S6m,0k7Xl1pqI3tu8sSEjo5oEg
4VMYDCV2IEDYJArk749S6m,3vDUJHQtqT3jFRZ2ECXDTi
4VMYDCV2IEDYJArk749S6m,4pr7J7wzgObkE3DD3Izi7q
3vDUJHQtqT3jFRZ2ECXDTi,4pr7J7wzgObkE3DD3Izi7q
4VMYDCV2IEDYJArk749S6m,7hJcb9fa4alzcOq3EaNPoG
4VMYDCV2IEDYJArk749S6m,1wZtkThiXbVNtj6hee6dz9
4VMYDCV2IEDYJArk749S6m,21451j1KhjAiaYKflxBjr1
4VMYDCV2IEDYJArk749S6m,6RMWFexOHVj5ctezneQH5v
4VMYDCV2IEDYJArk749S6m,4v1zVCcc5f9c7bdODjaqwe
4VMYDCV2IEDYJArk749S6m,27abSaAjyUkVoBhZSmF38a
4VMYDCV2IEDYJArk749S6m,1SupJlEpv7RS2tPNRaHViT
4VMYDCV2IEDYJArk749S6m,33ScadVnbm2X8kkUqOkC6Z
4VMYDCV2IEDYJArk749S6m,0eHWAfgyxZWAKR6NZ8nsd9
4VMYDCV2IEDYJArk749S6m,1SupJlEpv7RS2tPNRaHViT
4VMYDCV2IEDYJArk749S6m,5DMTLrpmTZO8GLDZ5Je1yT
4VMYDCV2IEDYJArk749S6m,3PkVrt8lRBTV2RDSICxz5X
4VMYDCV2IEDYJArk749S6m,1SupJlEpv7RS2tPNRaHViT
4VMYDCV2IEDYJArk749S6m,16Juw2gfa9IxEL3Vu69cH7
4VMYDCV2IEDYJArk749S6m,1CLPoZyoqBo2z444JtmBAF
7CajNmpbOovFoOoasH2HaY,6VuMaDnrHyPL1p4EHjYLi7
7CajNmpbOovFoOoasH2HaY,1OFOShsIbhy1l5x73yuVyB
6VuMaDnrHyPL1p4EHjYLi7,1OFOShsIbhy1l5x73yuVyB
7CajNmpbOovFoOoasH2HaY,1YfEcTuGvBQ8xSD1f53UnK
7CajNmpbOovFoOoasH2HaY,1CoZyIx7UvdxT5c8UkMzHd
7CajNmpbOovFoOoasH2HaY,3hcs9uc56yIGFCSy9leWe7
1CoZyIx7UvdxT5c8UkMzHd,3hcs9uc56yIGFCSy9leWe7
7CajNmpbOovFoOoasH2HaY,4IVAbR2w4JJNJDDRFP3E83
7CajNmpbOovFoOoasH2HaY,3xcx9CcYTM4M1890B8o9Bp
4IVAbR2w4JJNJDDRFP3E83,3xcx9CcYTM4M1890B8o9Bp
7CajNmpbOovFoOoasH2HaY,7hJcb9fa4alzcOq3EaNPoG
7CajNmpbOovFoOoasH2HaY,3MdXrJWsbVzdn6fe5JYkSQ
7hJcb9fa4alzcOq3EaNPoG,3MdXrJWsbVzdn6fe5JYkSQ
7CajNmpbOovFoOoasH2HaY,1zNqQNIdeOUZHb8zbZRFMX
7CajNmpbOovFoOoasH2HaY,2RdwBSPQiwcmiDo9kixcl8
7CajNmpbOovFoOoasH2HaY,0ONHkAv9pCAFxb0zJwDNTy
2RdwBSPQiwcmiDo9kixcl8,0ONHkAv9pCAFxb0zJwDNTy
7CajNmpbOovFoOoasH2HaY,0hCNtLu0JehylgoiP8L4Gh
7CajNmpbOovFoOoasH2HaY,4A0TivfinfALCAMJqqjZIk
0hCNtLu0JehylgoiP8L4Gh,4A0TivfinfALCAMJqqjZIk
7CajNmpbOovFoOoasH2HaY,3KedxarmBCyFBevnqQHy3P
7CajNmpbOovFoOoasH2HaY,4A0TivfinfALCAMJqqjZIk
3KedxarmBCyFBevnqQHy3P,4A0TivfinfALCAMJqqjZIk
7CajNmpbOovFoOoasH2HaY,34v5MVKeQnIo0CWYMbbrPf
7CajNmpbOovFoOoasH2HaY,4v31ZbEICHeUehSZdcc4ga
7CajNmpbOovFoOoasH2HaY,0X2BH1fck6amBIoJhDVmmJ
7CajNmpbOovFoOoasH2HaY,53YSn9tHwGJ6bq5P0gGoYo
7CajNmpbOovFoOoasH2HaY,7e1BNCygl2Gf7CX8LrByPv
7CajNmpbOovFoOoasH2HaY,3w4VAlllkAWI6m0AV0Gn6a
7CajNmpbOovFoOoasH2HaY,4Ui2kfOqGujY81UcPrb5KE
7CajNmpbOovFoOoasH2HaY,0c173mlxpT3dSFRgMO8XPh
7CajNmpbOovFoOoasH2HaY,4yiQZ8tQPux8cPriYMWUFP
7CajNmpbOovFoOoasH2HaY,6cEuCEZu7PAE9ZSzLLc2oQ
7CajNmpbOovFoOoasH2HaY,0NIIxcxNHmOoyBx03SfTCD
7CajNmpbOovFoOoasH2HaY,6RwVJInalcxtqOKUOryJUJ
7CajNmpbOovFoOoasH2HaY,0IF46mUS8NXjgHabxk2MCM
7CajNmpbOovFoOoasH2HaY,5pKCCKE2ajJHZ9KAiaK11H
7CajNmpbOovFoOoasH2HaY,6Vh6UDWfu9PUSXSzAaB3CW
7CajNmpbOovFoOoasH2HaY,5ChF3i92IPZHduM7jN3dpg
7CajNmpbOovFoOoasH2HaY,0X2BH1fck6amBIoJhDVmmJ
7CajNmpbOovFoOoasH2HaY,0Tob4H0FLtEONHU1MjpUEp
7CajNmpbOovFoOoasH2HaY,0IROOdQ2fQUcoaEPqt1Isg
7CajNmpbOovFoOoasH2HaY,5R3Hr2cnCCjt220Jmt2xLf
7CajNmpbOovFoOoasH2HaY,0gusqTJKxtU1UTmNRMHZcv
5R3Hr2cnCCjt220Jmt2xLf,0gusqTJKxtU1UTmNRMHZcv
7CajNmpbOovFoOoasH2HaY,21E3waRsmPlU7jZsS13rcj
7CajNmpbOovFoOoasH2HaY,4xQ2BGOBUXgjxO2PAhrIyS
7CajNmpbOovFoOoasH2HaY,21E3waRsmPlU7jZsS13rcj
7CajNmpbOovFoOoasH2HaY,0IF46mUS8NXjgHabxk2MCM
7CajNmpbOovFoOoasH2HaY,6cEuCEZu7PAE9ZSzLLc2oQ
0IF46mUS8NXjgHabxk2MCM,6cEuCEZu7PAE9ZSzLLc2oQ
7CajNmpbOovFoOoasH2HaY,4Ws2otunReOa6BbwxxpCt6
7CajNmpbOovFoOoasH2HaY,0vaqt0IU14MynjT7ZcgXXg
4Ws2otunReOa6BbwxxpCt6,0vaqt0IU14MynjT7ZcgXXg
7CajNmpbOovFoOoasH2HaY,6Vh6UDWfu9PUSXSzAaB3CW
7CajNmpbOovFoOoasH2HaY,3G1QoWkaZ1CUnTLUb0CqtC
6Vh6UDWfu9PUSXSzAaB3CW,3G1QoWkaZ1CUnTLUb0CqtC
7CajNmpbOovFoOoasH2HaY,0IROOdQ2fQUcoaEPqt1Isg
7CajNmpbOovFoOoasH2HaY,2o5jDhtHVPhrJdv3cEQ99Z
0IROOdQ2fQUcoaEPqt1Isg,2o5jDhtHVPhrJdv3cEQ99Z
7CajNmpbOovFoOoasH2HaY,7IB2F3dS3fDS892si8OkdL
0gusqTJKxtU1UTmNRMHZcv,7CajNmpbOovFoOoasH2HaY
0gusqTJKxtU1UTmNRMHZcv,6rRfU5PFMng3MXEU7xMwUW
7CajNmpbOovFoOoasH2HaY,6rRfU5PFMng3MXEU7xMwUW
0gusqTJKxtU1UTmNRMHZcv,7CajNmpbOovFoOoasH2HaY
0gusqTJKxtU1UTmNRMHZcv,6rRfU5PFMng3MXEU7xMwUW
7CajNmpbOovFoOoasH2HaY,6rRfU5PFMng3MXEU7xMwUW
7CajNmpbOovFoOoasH2HaY,67tgMwUfnmqzYsNAtnP6YJ
7CajNmpbOovFoOoasH2HaY,1gbiWzSQlYGEEFeH97pGwt
2YZyLoL8N0Wb9xBt1NhZWg,4qXC0i02bSFstECuXP2ZpL
2YZyLoL8N0Wb9xBt1NhZWg,1PpDfXOUG7gxUjR1quWnwp
4qXC0i02bSFstECuXP2ZpL,1PpDfXOUG7gxUjR1quWnwp
2YZyLoL8N0Wb9xBt1NhZWg,2WoVwexZuODvclzULjPQtm
2YZyLoL8N0Wb9xBt1NhZWg,7nkr1fevjIVmgx5biwAWVo
2YZyLoL8N0Wb9xBt1NhZWg,57LYzLEk2LcFghVwuWbcuS
2YZyLoL8N0Wb9xBt1NhZWg,6FD0unjzGQhX3b6eMccMJe
57LYzLEk2LcFghVwuWbcuS,6FD0unjzGQhX3b6eMccMJe
2YZyLoL8N0Wb9xBt1NhZWg,46SHBwWsqBkxI7EeeBEQG7
2YZyLoL8N0Wb9xBt1NhZWg,5SXuuuRpukkTvsLuUknva1
2YZyLoL8N0Wb9xBt1NhZWg,1SIw8nXWjvAKeb6Dhh85cz
5SXuuuRpukkTvsLuUknva1,1SIw8nXWjvAKeb6Dhh85cz
2YZyLoL8N0Wb9xBt1NhZWg,1bPYCoigTRLOQwNfjpwmff
2YZyLoL8N0Wb9xBt1NhZWg,6Lt6KFXX3P0v6vfrynQAMo
5IcR3N7QB1j6KBL8eImZ8m,17lzZA2AlOHwCwFALHttmp
5IcR3N7QB1j6KBL8eImZ8m,37Qsf5KCKljH7mL134xp4k
17lzZA2AlOHwCwFALHttmp,37Qsf5KCKljH7mL134xp4k
6LuN9FCkKOj5PcnpouEgny,1zNqQNIdeOUZHb8zbZRFMX
68kEuyFKyqrdQQLLsmiatm,3kv1Edgn5HlEWCuEKr1Y9x
0g9vAlRPK9Gt3FKCekk4TW,3jK9MiCrA42lLAdMGUZpwa
0g9vAlRPK9Gt3FKCekk4TW,53KwLdlmrlCelAZMaLVZqU
3jK9MiCrA42lLAdMGUZpwa,53KwLdlmrlCelAZMaLVZqU
3qBKjEOanahMxlRojwCzhI,3jfVtv9mWfW0c5b3Fx440e
4AA474G2hRfrHyGrfyDseO,4RfOLIFy2xEmlWzXEVmLJn
4AA474G2hRfrHyGrfyDseO,6XpXnnKHIhCOUbOLOJGe6o
4RfOLIFy2xEmlWzXEVmLJn,6XpXnnKHIhCOUbOLOJGe6o
2YZyLoL8N0Wb9xBt1NhZWg,0Y5tJX1MQlPlqiwlOH1tJY
1Xyo4u8uXC1ZmMpatF05PJ,2YZyLoL8N0Wb9xBt1NhZWg
2YZyLoL8N0Wb9xBt1NhZWg,7tYKF4w9nC0nq9CsPZTHyP
6LuN9FCkKOj5PcnpouEgny,1zNqQNIdeOUZHb8zbZRFMX
68kEuyFKyqrdQQLLsmiatm,3kv1Edgn5HlEWCuEKr1Y9x
0g9vAlRPK9Gt3FKCekk4TW,3jK9MiCrA42lLAdMGUZpwa
0g9vAlRPK9Gt3FKCekk4TW,53KwLdlmrlCelAZMaLVZqU
3jK9MiCrA42lLAdMGUZpwa,53KwLdlmrlCelAZMaLVZqU
3qBKjEOanahMxlRojwCzhI,3jfVtv9mWfW0c5b3Fx440e
4AA474G2hRfrHyGrfyDseO,4RfOLIFy2xEmlWzXEVmLJn
4AA474G2hRfrHyGrfyDseO,6XpXnnKHIhCOUbOLOJGe6o
4RfOLIFy2xEmlWzXEVmLJn,6XpXnnKHIhCOUbOLOJGe6o
2YZyLoL8N0Wb9xBt1NhZWg,0Y5tJX1MQlPlqiwlOH1tJY
1Xyo4u8uXC1ZmMpatF05PJ,2YZyLoL8N0Wb9xBt1NhZWg
2YZyLoL8N0Wb9xBt1NhZWg,51Blml2LZPmy7TTiAg47vQ
2YZyLoL8N0Wb9xBt1NhZWg,3qBKjEOanahMxlRojwCzhI
2YZyLoL8N0Wb9xBt1NhZWg,5pKCCKE2ajJHZ9KAiaK11H
2YZyLoL8N0Wb9xBt1NhZWg,51Blml2LZPmy7TTiAg47vQ
2YZyLoL8N0Wb9xBt1NhZWg,3qBKjEOanahMxlRojwCzhI
2YZyLoL8N0Wb9xBt1NhZWg,5pKCCKE2ajJHZ9KAiaK11H
2YZyLoL8N0Wb9xBt1NhZWg,51Blml2LZPmy7TTiAg47vQ
2YZyLoL8N0Wb9xBt1NhZWg,2GVBp7QyHckoOg7rYkLvrA
2YZyLoL8N0Wb9xBt1NhZWg,4frXpPxQQZwbCu3eTGnZEw
2GVBp7QyHckoOg7rYkLvrA,4frXpPxQQZwbCu3eTGnZEw
2YZyLoL8N0Wb9xBt1NhZWg,5ooSG9S0glqP5ZrqqaHBvT
2YZyLoL8N0Wb9xBt1NhZWg,6W9RUw7xnNRYtgh8dimg7L
5ooSG9S0glqP5ZrqqaHBvT,6W9RUw7xnNRYtgh8dimg7L
2YZyLoL8N0Wb9xBt1NhZWg,6NL31G53xThQXkFs7lDpL5
2YZyLoL8N0Wb9xBt1NhZWg,28ExwzUQsvgJooOI0X1mr3
2YZyLoL8N0Wb9xBt1NhZWg,3TVXtAsR1Inumwj472S9r4
2YZyLoL8N0Wb9xBt1NhZWg,4XqfpACObRB5AsBcUYjL8X
2YZyLoL8N0Wb9xBt1NhZWg,0N41KJ4H6bkPAm2tx7VS8C
2YZyLoL8N0Wb9xBt1NhZWg,6DPYiyq5kWVQS4RGwxzPC7
2YZyLoL8N0Wb9xBt1NhZWg,6DPYiyq5kWVQS4RGwxzPC7
2YZyLoL8N0Wb9xBt1NhZWg,1XkoF8ryArs86LZvFOkbyr
2YZyLoL8N0Wb9xBt1NhZWg,3nFkdlSjzX9mRTtwJOzDYB
2YZyLoL8N0Wb9xBt1NhZWg,7sfgqEdoeBTjd8lQsPT3Cy
2YZyLoL8N0Wb9xBt1NhZWg,6DPYiyq5kWVQS4RGwxzPC7
2YZyLoL8N0Wb9xBt1NhZWg,7IF7emaerV9vIoAjey6IHe
2YZyLoL8N0Wb9xBt1NhZWg,2hZ6jVi1cao5VlJHAEPzU7
2YZyLoL8N0Wb9xBt1NhZWg,6UgvloNqyAsyswcDFsTCyr
2YZyLoL8N0Wb9xBt1NhZWg,07d5etnpjriczFBB8pxmRe
2YZyLoL8N0Wb9xBt1NhZWg,0g9vAlRPK9Gt3FKCekk4TW
2YZyLoL8N0Wb9xBt1NhZWg,5ZS223C6JyBfXasXxrRqOk
2YZyLoL8N0Wb9xBt1NhZWg,0g9vAlRPK9Gt3FKCekk4TW
2YZyLoL8N0Wb9xBt1NhZWg,2PMP4OQ9NlNV6eVxGPRH01
2YZyLoL8N0Wb9xBt1NhZWg,5IcR3N7QB1j6KBL8eImZ8m
2YZyLoL8N0Wb9xBt1NhZWg,07d5etnpjriczFBB8pxmRe
2YZyLoL8N0Wb9xBt1NhZWg,1Cgtal24kmBtCcRjM6GTno
2YZyLoL8N0Wb9xBt1NhZWg,3s8alQfNnY0roAHaJh7Xxt
2YZyLoL8N0Wb9xBt1NhZWg,2dWF6m2ksP9GN75fufFp16
3s8alQfNnY0roAHaJh7Xxt,2dWF6m2ksP9GN75fufFp16
4e9ML6IDGbv8W09mMlStKc,6qGkLCMQkNGOJ079iEcC5k
4e9ML6IDGbv8W09mMlStKc,6H6kEm6c01DA6idz9cV34a
6qGkLCMQkNGOJ079iEcC5k,6H6kEm6c01DA6idz9cV34a
5OAt5hmsLcnFdk4Mly1Peq,6kMdhTURJF1io3LSc1XO8D
5OAt5hmsLcnFdk4Mly1Peq,1gkcZQArk5rV8uBwG8y5FX
6kMdhTURJF1io3LSc1XO8D,1gkcZQArk5rV8uBwG8y5FX
6qGkLCMQkNGOJ079iEcC5k,5OAt5hmsLcnFdk4Mly1Peq
5OAt5hmsLcnFdk4Mly1Peq,6qGkLCMQkNGOJ079iEcC5k
2wY79sveU1sp5g7SokKOiI,57LYzLEk2LcFghVwuWbcuS
4xFUf1FHVy696Q1JQZMTRj,7z5WFjZAIYejWy0NI5lv4T
2wY79sveU1sp5g7SokKOiI,2ligMNlEVXKdcpeIHSFxJT
2wY79sveU1sp5g7SokKOiI,2feDdbD5araYcm6JhFHHw7
2wY79sveU1sp5g7SokKOiI,2feDdbD5araYcm6JhFHHw7
2wY79sveU1sp5g7SokKOiI,6S2OmqARrzebs0tKUEyXyp
2wY79sveU1sp5g7SokKOiI,1ooV8YZC1KbpEcrmI8WH0F
1bT7m67vi78r2oqvxrP3X5,2wY79sveU1sp5g7SokKOiI
2wY79sveU1sp5g7SokKOiI,6nS5roXSAGhTGr34W6n7Et
2wY79sveU1sp5g7SokKOiI,1XkoF8ryArs86LZvFOkbyr
2wY79sveU1sp5g7SokKOiI,13ubrt8QOOCPljQ2FL1Kca
2wY79sveU1sp5g7SokKOiI,5y2Xq6xcjJb2jVM54GHK3t
2wY79sveU1sp5g7SokKOiI,3SwgftmsT5rVepCSSco3ZR
2wY79sveU1sp5g7SokKOiI,1XkoF8ryArs86LZvFOkbyr
